onset	duration	trial_type	sample	stim_file	subject	experiment	session	list	serialpos	item_name	item_num	recalled	repeats	is_repeat
5.12158203125	n/a	SESS_START	10489	n/a	LTP508	ltpDelayRepFRReadOnly	4	0	n/a	n/a	n/a	0	n/a	0
47.5234375	n/a	TRIAL_START	97328	n/a	LTP508	ltpDelayRepFRReadOnly	4	n/a	n/a	n/a	n/a	0	n/a	0
58.48974609375	n/a	COUNTDOWN	119787	n/a	LTP508	ltpDelayRepFRReadOnly	4	n/a	n/a	n/a	n/a	0	n/a	0
62.43994140625	n/a	WORD	127877	n/a	LTP508	ltpDelayRepFRReadOnly	4	0	0	COFFEE	18	1	1	0
64.0400390625	n/a	WORD_OFF	131154	n/a	LTP508	ltpDelayRepFRReadOnly	4	0	0	n/a	n/a	0	n/a	0
66.6396484375	n/a	WORD	136478	n/a	LTP508	ltpDelayRepFRReadOnly	4	0	1	SPOON	182	1	2	0
68.23974609375	n/a	WORD_OFF	139755	n/a	LTP508	ltpDelayRepFRReadOnly	4	0	1	n/a	n/a	0	n/a	0
71.1396484375	n/a	WORD	145694	n/a	LTP508	ltpDelayRepFRReadOnly	4	0	2	CHICKEN	112	1	2	0
72.73974609375	n/a	WORD_OFF	148971	n/a	LTP508	ltpDelayRepFRReadOnly	4	0	2	n/a	n/a	0	n/a	0
75.42333984375	n/a	WORD	154467	n/a	LTP508	ltpDelayRepFRReadOnly	4	0	3	TRUCK	279	1	1	0
77.0234375	n/a	WORD_OFF	157744	n/a	LTP508	ltpDelayRepFRReadOnly	4	0	3	n/a	n/a	0	n/a	0
79.990234375	n/a	WORD	163820	n/a	LTP508	ltpDelayRepFRReadOnly	4	0	4	MICROWAVE	97	1	1	0
81.59033203125	n/a	WORD_OFF	167097	n/a	LTP508	ltpDelayRepFRReadOnly	4	0	4	n/a	n/a	0	n/a	0
84.189453125	n/a	WORD	172420	n/a	LTP508	ltpDelayRepFRReadOnly	4	0	5	GOOSE	36	1	2	0
85.7890625	n/a	WORD_OFF	175696	n/a	LTP508	ltpDelayRepFRReadOnly	4	0	5	n/a	n/a	0	n/a	0
88.75634765625	n/a	WORD	181773	n/a	LTP508	ltpDelayRepFRReadOnly	4	0	6	CUCUMBER	272	1	2	0
90.35595703125	n/a	WORD_OFF	185049	n/a	LTP508	ltpDelayRepFRReadOnly	4	0	6	n/a	n/a	0	n/a	0
93.255859375	n/a	WORD	190988	n/a	LTP508	ltpDelayRepFRReadOnly	4	0	7	VALLEY	200	1	1	0
94.85595703125	n/a	WORD_OFF	194265	n/a	LTP508	ltpDelayRepFRReadOnly	4	0	7	n/a	n/a	0	n/a	0
97.638671875	n/a	WORD	199964	n/a	LTP508	ltpDelayRepFRReadOnly	4	0	8	WALL	53	1	2	0
99.23974609375	n/a	WORD_OFF	203243	n/a	LTP508	ltpDelayRepFRReadOnly	4	0	8	n/a	n/a	0	n/a	0
102.1396484375	n/a	WORD	209182	n/a	LTP508	ltpDelayRepFRReadOnly	4	0	9	ANT	158	1	2	0
103.73779296875	n/a	WORD_OFF	212455	n/a	LTP508	ltpDelayRepFRReadOnly	4	0	9	n/a	n/a	0	n/a	0
106.638671875	n/a	WORD	218396	n/a	LTP508	ltpDelayRepFRReadOnly	4	0	10	WILLOW	261	1	1	0
108.23876953125	n/a	WORD_OFF	221673	n/a	LTP508	ltpDelayRepFRReadOnly	4	0	10	n/a	n/a	0	n/a	0
110.98974609375	n/a	WORD	227307	n/a	LTP508	ltpDelayRepFRReadOnly	4	0	11	CHICKEN	112	1	2	1
112.58935546875	n/a	WORD_OFF	230583	n/a	LTP508	ltpDelayRepFRReadOnly	4	0	11	n/a	n/a	0	n/a	0
115.35546875	n/a	WORD	236248	n/a	LTP508	ltpDelayRepFRReadOnly	4	0	12	SPOON	182	1	2	1
116.95556640625	n/a	WORD_OFF	239525	n/a	LTP508	ltpDelayRepFRReadOnly	4	0	12	n/a	n/a	0	n/a	0
119.939453125	n/a	WORD	245636	n/a	LTP508	ltpDelayRepFRReadOnly	4	0	13	LEATHER	105	1	1	0
121.5390625	n/a	WORD_OFF	248912	n/a	LTP508	ltpDelayRepFRReadOnly	4	0	13	n/a	n/a	0	n/a	0
124.13818359375	n/a	WORD	254235	n/a	LTP508	ltpDelayRepFRReadOnly	4	0	14	GOOSE	36	1	2	1
125.73828125	n/a	WORD_OFF	257512	n/a	LTP508	ltpDelayRepFRReadOnly	4	0	14	n/a	n/a	0	n/a	0
128.421875	n/a	WORD	263008	n/a	LTP508	ltpDelayRepFRReadOnly	4	0	15	CUCUMBER	272	1	2	1
130.02197265625	n/a	WORD_OFF	266285	n/a	LTP508	ltpDelayRepFRReadOnly	4	0	15	n/a	n/a	0	n/a	0
132.9208984375	n/a	WORD	272222	n/a	LTP508	ltpDelayRepFRReadOnly	4	0	16	WALL	53	1	2	1
134.52197265625	n/a	WORD_OFF	275501	n/a	LTP508	ltpDelayRepFRReadOnly	4	0	16	n/a	n/a	0	n/a	0
137.087890625	n/a	WORD	280756	n/a	LTP508	ltpDelayRepFRReadOnly	4	0	17	ANT	158	1	2	1
138.68896484375	n/a	WORD_OFF	284035	n/a	LTP508	ltpDelayRepFRReadOnly	4	0	17	n/a	n/a	0	n/a	0
156.5224609375	n/a	REC_START	320558	n/a	LTP508	ltpDelayRepFRReadOnly	4	0	n/a	n/a	n/a	0	n/a	0
157.8271484375	n/a	REC_WORD	323230	n/a	LTP508	ltpDelayRepFRReadOnly	4	0	n/a	CHICKEN	112	0	2	1
158.80029296875	n/a	REC_WORD	325223	n/a	LTP508	ltpDelayRepFRReadOnly	4	0	n/a	LEATHER	105	0	1	1
160.01220703125	n/a	REC_WORD	327705	n/a	LTP508	ltpDelayRepFRReadOnly	4	0	n/a	MICROWAVE	97	0	1	1
161.2392578125	n/a	REC_WORD	330218	n/a	LTP508	ltpDelayRepFRReadOnly	4	0	n/a	GOOSE	36	0	2	1
162.3740234375	n/a	REC_WORD	332542	n/a	LTP508	ltpDelayRepFRReadOnly	4	0	n/a	CUCUMBER	272	0	2	1
163.7060546875	n/a	REC_WORD	335270	n/a	LTP508	ltpDelayRepFRReadOnly	4	0	n/a	WALL	53	0	2	1
164.826171875	n/a	REC_WORD	337564	n/a	LTP508	ltpDelayRepFRReadOnly	4	0	n/a	VALLEY	200	0	1	1
166.0458984375	n/a	REC_WORD	340062	n/a	LTP508	ltpDelayRepFRReadOnly	4	0	n/a	TRUCK	279	0	1	1
167.22119140625	n/a	REC_WORD	342469	n/a	LTP508	ltpDelayRepFRReadOnly	4	0	n/a	COFFEE	18	0	1	1
168.23095703125	n/a	REC_WORD	344537	n/a	LTP508	ltpDelayRepFRReadOnly	4	0	n/a	SPOON	182	0	2	1
169.623046875	n/a	REC_WORD	347388	n/a	LTP508	ltpDelayRepFRReadOnly	4	0	n/a	ANT	158	0	2	1
170.5029296875	n/a	REC_WORD	349190	n/a	LTP508	ltpDelayRepFRReadOnly	4	0	n/a	WILLOW	261	0	1	1
187.04150390625	n/a	REC_END	383061	n/a	LTP508	ltpDelayRepFRReadOnly	4	0	n/a	n/a	n/a	0	n/a	0
196.236328125	n/a	TRIAL_START	401892	n/a	LTP508	ltpDelayRepFRReadOnly	4	n/a	n/a	n/a	n/a	0	n/a	0
211.26953125	n/a	COUNTDOWN	432680	n/a	LTP508	ltpDelayRepFRReadOnly	4	n/a	n/a	n/a	n/a	0	n/a	0
215.31982421875	n/a	WORD	440975	n/a	LTP508	ltpDelayRepFRReadOnly	4	1	0	COW	111	1	2	0
216.92041015625	n/a	WORD_OFF	444253	n/a	LTP508	ltpDelayRepFRReadOnly	4	1	0	n/a	n/a	0	n/a	0
219.4697265625	n/a	WORD	449474	n/a	LTP508	ltpDelayRepFRReadOnly	4	1	1	VAN	280	1	1	0
221.0693359375	n/a	WORD_OFF	452750	n/a	LTP508	ltpDelayRepFRReadOnly	4	1	1	n/a	n/a	0	n/a	0
223.63525390625	n/a	WORD	458005	n/a	LTP508	ltpDelayRepFRReadOnly	4	1	2	LADYBUG	163	0	2	0
225.2353515625	n/a	WORD_OFF	461282	n/a	LTP508	ltpDelayRepFRReadOnly	4	1	2	n/a	n/a	0	n/a	0
227.83642578125	n/a	WORD	466609	n/a	LTP508	ltpDelayRepFRReadOnly	4	1	3	SLINKY	253	1	2	0
229.43603515625	n/a	WORD_OFF	469885	n/a	LTP508	ltpDelayRepFRReadOnly	4	1	3	n/a	n/a	0	n/a	0
232.2021484375	n/a	WORD	475550	n/a	LTP508	ltpDelayRepFRReadOnly	4	1	4	DRIZZLE	296	1	2	0
233.80322265625	n/a	WORD_OFF	478829	n/a	LTP508	ltpDelayRepFRReadOnly	4	1	4	n/a	n/a	0	n/a	0
236.55224609375	n/a	WORD	484459	n/a	LTP508	ltpDelayRepFRReadOnly	4	1	5	PUDDING	80	1	1	0
238.15185546875	n/a	WORD_OFF	487735	n/a	LTP508	ltpDelayRepFRReadOnly	4	1	5	n/a	n/a	0	n/a	0
240.93603515625	n/a	WORD	493437	n/a	LTP508	ltpDelayRepFRReadOnly	4	1	6	MAPLE	256	1	2	0
242.5361328125	n/a	WORD_OFF	496714	n/a	LTP508	ltpDelayRepFRReadOnly	4	1	6	n/a	n/a	0	n/a	0
245.11865234375	n/a	WORD	502003	n/a	LTP508	ltpDelayRepFRReadOnly	4	1	7	BANANA	136	1	2	0
246.71875	n/a	WORD_OFF	505280	n/a	LTP508	ltpDelayRepFRReadOnly	4	1	7	n/a	n/a	0	n/a	0
249.28564453125	n/a	WORD	510537	n/a	LTP508	ltpDelayRepFRReadOnly	4	1	8	LADYBUG	163	0	2	1
250.8857421875	n/a	WORD_OFF	513814	n/a	LTP508	ltpDelayRepFRReadOnly	4	1	8	n/a	n/a	0	n/a	0
253.6357421875	n/a	WORD	519446	n/a	LTP508	ltpDelayRepFRReadOnly	4	1	9	COW	111	1	2	1
255.2353515625	n/a	WORD_OFF	522722	n/a	LTP508	ltpDelayRepFRReadOnly	4	1	9	n/a	n/a	0	n/a	0
257.76953125	n/a	WORD	527912	n/a	LTP508	ltpDelayRepFRReadOnly	4	1	10	SLINKY	253	1	2	1
259.36865234375	n/a	WORD_OFF	531187	n/a	LTP508	ltpDelayRepFRReadOnly	4	1	10	n/a	n/a	0	n/a	0
262.05224609375	n/a	WORD	536683	n/a	LTP508	ltpDelayRepFRReadOnly	4	1	11	MAPLE	256	1	2	1
263.6513671875	n/a	WORD_OFF	539958	n/a	LTP508	ltpDelayRepFRReadOnly	4	1	11	n/a	n/a	0	n/a	0
266.568359375	n/a	WORD	545932	n/a	LTP508	ltpDelayRepFRReadOnly	4	1	12	BANJO	180	1	1	0
268.16796875	n/a	WORD_OFF	549208	n/a	LTP508	ltpDelayRepFRReadOnly	4	1	12	n/a	n/a	0	n/a	0
270.71826171875	n/a	WORD	554431	n/a	LTP508	ltpDelayRepFRReadOnly	4	1	13	DRIZZLE	296	1	2	1
272.3349609375	n/a	WORD_OFF	557742	n/a	LTP508	ltpDelayRepFRReadOnly	4	1	13	n/a	n/a	0	n/a	0
275.15185546875	n/a	WORD	563511	n/a	LTP508	ltpDelayRepFRReadOnly	4	1	14	JACKET	68	1	1	0
276.7509765625	n/a	WORD_OFF	566786	n/a	LTP508	ltpDelayRepFRReadOnly	4	1	14	n/a	n/a	0	n/a	0
279.751953125	n/a	WORD	572932	n/a	LTP508	ltpDelayRepFRReadOnly	4	1	15	BANANA	136	1	2	1
281.35107421875	n/a	WORD_OFF	576207	n/a	LTP508	ltpDelayRepFRReadOnly	4	1	15	n/a	n/a	0	n/a	0
283.98486328125	n/a	WORD	581601	n/a	LTP508	ltpDelayRepFRReadOnly	4	1	16	BED	146	1	1	0
285.58349609375	n/a	WORD_OFF	584875	n/a	LTP508	ltpDelayRepFRReadOnly	4	1	16	n/a	n/a	0	n/a	0
288.5517578125	n/a	WORD	590954	n/a	LTP508	ltpDelayRepFRReadOnly	4	1	17	CARROT	267	1	1	0
290.1513671875	n/a	WORD_OFF	594230	n/a	LTP508	ltpDelayRepFRReadOnly	4	1	17	n/a	n/a	0	n/a	0
307.701171875	n/a	REC_START	630172	n/a	LTP508	ltpDelayRepFRReadOnly	4	1	n/a	n/a	n/a	0	n/a	0
308.4990234375	n/a	REC_WORD	631806	n/a	LTP508	ltpDelayRepFRReadOnly	4	1	n/a	VAN	280	0	1	1
309.8408203125	n/a	REC_WORD	634554	n/a	LTP508	ltpDelayRepFRReadOnly	4	1	n/a	DRIZZLE	296	0	2	1
311.56396484375	n/a	REC_WORD	638083	n/a	LTP508	ltpDelayRepFRReadOnly	4	1	n/a	BANANA	136	0	2	1
312.94482421875	n/a	REC_WORD	640911	n/a	LTP508	ltpDelayRepFRReadOnly	4	1	n/a	CARROT	267	0	1	1
314.27392578125	n/a	REC_WORD	643633	n/a	LTP508	ltpDelayRepFRReadOnly	4	1	n/a	PUDDING	80	0	1	1
315.5849609375	n/a	REC_WORD	646318	n/a	LTP508	ltpDelayRepFRReadOnly	4	1	n/a	COW	111	0	2	1
316.89208984375	n/a	REC_WORD	648995	n/a	LTP508	ltpDelayRepFRReadOnly	4	1	n/a	ANT	158	0	2	1
317.974609375	n/a	REC_WORD	651212	n/a	LTP508	ltpDelayRepFRReadOnly	4	1	n/a	SLINKY	253	0	2	1
319.421875	n/a	REC_WORD	654176	n/a	LTP508	ltpDelayRepFRReadOnly	4	1	n/a	BED	146	0	1	1
320.5859375	n/a	REC_WORD	656560	n/a	LTP508	ltpDelayRepFRReadOnly	4	1	n/a	JACKET	68	0	1	1
321.87158203125	n/a	REC_WORD	659193	n/a	LTP508	ltpDelayRepFRReadOnly	4	1	n/a	BANJO	180	0	1	1
322.98876953125	n/a	REC_WORD	661481	n/a	LTP508	ltpDelayRepFRReadOnly	4	1	n/a	MAPLE	256	0	2	1
338.205078125	n/a	REC_END	692644	n/a	LTP508	ltpDelayRepFRReadOnly	4	1	n/a	n/a	n/a	0	n/a	0
338.205078125	n/a	TRIAL_START	692644	n/a	LTP508	ltpDelayRepFRReadOnly	4	n/a	n/a	n/a	n/a	0	n/a	0
345.7158203125	n/a	COUNTDOWN	708026	n/a	LTP508	ltpDelayRepFRReadOnly	4	n/a	n/a	n/a	n/a	0	n/a	0
349.78271484375	n/a	WORD	716355	n/a	LTP508	ltpDelayRepFRReadOnly	4	2	0	PEACH	139	1	2	0
351.3818359375	n/a	WORD_OFF	719630	n/a	LTP508	ltpDelayRepFRReadOnly	4	2	0	n/a	n/a	0	n/a	0
354.11669921875	n/a	WORD	725231	n/a	LTP508	ltpDelayRepFRReadOnly	4	2	1	SHEEP	117	1	1	0
355.7158203125	n/a	WORD_OFF	728506	n/a	LTP508	ltpDelayRepFRReadOnly	4	2	1	n/a	n/a	0	n/a	0
358.66552734375	n/a	WORD	734547	n/a	LTP508	ltpDelayRepFRReadOnly	4	2	2	SQUID	216	1	1	0
360.265625	n/a	WORD_OFF	737824	n/a	LTP508	ltpDelayRepFRReadOnly	4	2	2	n/a	n/a	0	n/a	0
363.03271484375	n/a	WORD	743491	n/a	LTP508	ltpDelayRepFRReadOnly	4	2	3	DOOR	52	1	1	0
364.6484375	n/a	WORD_OFF	746800	n/a	LTP508	ltpDelayRepFRReadOnly	4	2	3	n/a	n/a	0	n/a	0
367.16552734375	n/a	WORD	751955	n/a	LTP508	ltpDelayRepFRReadOnly	4	2	4	THUNDERSTORM	293	1	2	0
368.765625	n/a	WORD_OFF	755232	n/a	LTP508	ltpDelayRepFRReadOnly	4	2	4	n/a	n/a	0	n/a	0
371.3662109375	n/a	WORD	760558	n/a	LTP508	ltpDelayRepFRReadOnly	4	2	5	OCEAN	196	1	2	0
372.96630859375	n/a	WORD_OFF	763835	n/a	LTP508	ltpDelayRepFRReadOnly	4	2	5	n/a	n/a	0	n/a	0
375.5	n/a	WORD	769024	n/a	LTP508	ltpDelayRepFRReadOnly	4	2	6	SCANNER	93	1	2	0
377.09912109375	n/a	WORD_OFF	772299	n/a	LTP508	ltpDelayRepFRReadOnly	4	2	6	n/a	n/a	0	n/a	0
379.64892578125	n/a	WORD	777521	n/a	LTP508	ltpDelayRepFRReadOnly	4	2	7	TRAIN	285	1	1	0
381.2490234375	n/a	WORD_OFF	780798	n/a	LTP508	ltpDelayRepFRReadOnly	4	2	7	n/a	n/a	0	n/a	0
383.9150390625	n/a	WORD	786258	n/a	LTP508	ltpDelayRepFRReadOnly	4	2	8	TOE	47	0	2	0
385.51611328125	n/a	WORD_OFF	789537	n/a	LTP508	ltpDelayRepFRReadOnly	4	2	8	n/a	n/a	0	n/a	0
388.31591796875	n/a	WORD	795271	n/a	LTP508	ltpDelayRepFRReadOnly	4	2	9	COTTON	98	1	2	0
389.9150390625	n/a	WORD_OFF	798546	n/a	LTP508	ltpDelayRepFRReadOnly	4	2	9	n/a	n/a	0	n/a	0
392.81494140625	n/a	WORD	804485	n/a	LTP508	ltpDelayRepFRReadOnly	4	2	10	THUNDERSTORM	293	1	2	1
394.41455078125	n/a	WORD_OFF	807761	n/a	LTP508	ltpDelayRepFRReadOnly	4	2	10	n/a	n/a	0	n/a	0
397.1318359375	n/a	WORD	813326	n/a	LTP508	ltpDelayRepFRReadOnly	4	2	11	OCEAN	196	1	2	1
398.7314453125	n/a	WORD_OFF	816602	n/a	LTP508	ltpDelayRepFRReadOnly	4	2	11	n/a	n/a	0	n/a	0
401.681640625	n/a	WORD	822644	n/a	LTP508	ltpDelayRepFRReadOnly	4	2	12	EVERGREEN	258	1	1	0
403.28125	n/a	WORD_OFF	825920	n/a	LTP508	ltpDelayRepFRReadOnly	4	2	12	n/a	n/a	0	n/a	0
406.18115234375	n/a	WORD	831859	n/a	LTP508	ltpDelayRepFRReadOnly	4	2	13	PEACH	139	1	2	1
407.78125	n/a	WORD_OFF	835136	n/a	LTP508	ltpDelayRepFRReadOnly	4	2	13	n/a	n/a	0	n/a	0
410.38134765625	n/a	WORD	840461	n/a	LTP508	ltpDelayRepFRReadOnly	4	2	14	TOE	47	0	2	1
411.9814453125	n/a	WORD_OFF	843738	n/a	LTP508	ltpDelayRepFRReadOnly	4	2	14	n/a	n/a	0	n/a	0
414.88134765625	n/a	WORD	849677	n/a	LTP508	ltpDelayRepFRReadOnly	4	2	15	SCANNER	93	1	2	1
416.48095703125	n/a	WORD_OFF	852953	n/a	LTP508	ltpDelayRepFRReadOnly	4	2	15	n/a	n/a	0	n/a	0
419.01513671875	n/a	WORD	858143	n/a	LTP508	ltpDelayRepFRReadOnly	4	2	16	COTTON	98	1	2	1
420.615234375	n/a	WORD_OFF	861420	n/a	LTP508	ltpDelayRepFRReadOnly	4	2	16	n/a	n/a	0	n/a	0
423.21484375	n/a	WORD	866744	n/a	LTP508	ltpDelayRepFRReadOnly	4	2	17	COBBLER	83	1	1	0
424.81494140625	n/a	WORD_OFF	870021	n/a	LTP508	ltpDelayRepFRReadOnly	4	2	17	n/a	n/a	0	n/a	0
442.814453125	n/a	REC_START	906884	n/a	LTP508	ltpDelayRepFRReadOnly	4	2	n/a	n/a	n/a	0	n/a	0
443.50634765625	n/a	REC_WORD	908301	n/a	LTP508	ltpDelayRepFRReadOnly	4	2	n/a	THUNDERSTORM	293	0	2	1
444.50634765625	n/a	REC_WORD_VV	910349	n/a	LTP508	ltpDelayRepFRReadOnly	4	2	n/a	<>	-1	0	n/a	0
444.908203125	n/a	REC_WORD	911172	n/a	LTP508	ltpDelayRepFRReadOnly	4	2	n/a	OCEAN	196	0	2	1
446.0380859375	n/a	REC_WORD	913486	n/a	LTP508	ltpDelayRepFRReadOnly	4	2	n/a	TRAIN	285	0	1	1
447.2841796875	n/a	REC_WORD	916038	n/a	LTP508	ltpDelayRepFRReadOnly	4	2	n/a	PEACH	139	0	2	1
448.42529296875	n/a	REC_WORD	918375	n/a	LTP508	ltpDelayRepFRReadOnly	4	2	n/a	COBBLER	83	0	1	1
449.65625	n/a	REC_WORD	920896	n/a	LTP508	ltpDelayRepFRReadOnly	4	2	n/a	DOOR	52	0	1	1
450.6162109375	n/a	REC_WORD	922862	n/a	LTP508	ltpDelayRepFRReadOnly	4	2	n/a	SHEEP	117	0	1	1
451.96728515625	n/a	REC_WORD	925629	n/a	LTP508	ltpDelayRepFRReadOnly	4	2	n/a	COTTON	98	0	2	1
453.0	n/a	REC_WORD	927744	n/a	LTP508	ltpDelayRepFRReadOnly	4	2	n/a	SQUID	216	0	1	1
454.2080078125	n/a	REC_WORD	930218	n/a	LTP508	ltpDelayRepFRReadOnly	4	2	n/a	SCANNER	93	0	2	1
461.27099609375	n/a	REC_WORD	944683	n/a	LTP508	ltpDelayRepFRReadOnly	4	2	n/a	EVERGREEN	258	0	1	1
473.318359375	n/a	REC_END	969356	n/a	LTP508	ltpDelayRepFRReadOnly	4	2	n/a	n/a	n/a	0	n/a	0
473.318359375	n/a	TRIAL_START	969356	n/a	LTP508	ltpDelayRepFRReadOnly	4	n/a	n/a	n/a	n/a	0	n/a	0
480.86328125	n/a	COUNTDOWN	984808	n/a	LTP508	ltpDelayRepFRReadOnly	4	n/a	n/a	n/a	n/a	0	n/a	0
484.81298828125	n/a	WORD	992897	n/a	LTP508	ltpDelayRepFRReadOnly	4	3	0	NOTEBOOK	221	1	2	0
486.4130859375	n/a	WORD_OFF	996174	n/a	LTP508	ltpDelayRepFRReadOnly	4	3	0	n/a	n/a	0	n/a	0
489.3291015625	n/a	WORD	1002146	n/a	LTP508	ltpDelayRepFRReadOnly	4	3	1	BROCCOLI	266	1	2	0
490.92919921875	n/a	WORD_OFF	1005423	n/a	LTP508	ltpDelayRepFRReadOnly	4	3	1	n/a	n/a	0	n/a	0
493.62890625	n/a	WORD	1010952	n/a	LTP508	ltpDelayRepFRReadOnly	4	3	2	BASKETBALL	247	1	1	0
495.22998046875	n/a	WORD_OFF	1014231	n/a	LTP508	ltpDelayRepFRReadOnly	4	3	2	n/a	n/a	0	n/a	0
497.74609375	n/a	WORD	1019384	n/a	LTP508	ltpDelayRepFRReadOnly	4	3	3	GIRAFFE	305	1	2	0
499.3466796875	n/a	WORD_OFF	1022662	n/a	LTP508	ltpDelayRepFRReadOnly	4	3	3	n/a	n/a	0	n/a	0
502.24560546875	n/a	WORD	1028599	n/a	LTP508	ltpDelayRepFRReadOnly	4	3	4	CHAIR	147	1	1	0
503.845703125	n/a	WORD_OFF	1031876	n/a	LTP508	ltpDelayRepFRReadOnly	4	3	4	n/a	n/a	0	n/a	0
506.49560546875	n/a	WORD	1037303	n/a	LTP508	ltpDelayRepFRReadOnly	4	3	5	AXE	241	1	1	0
508.095703125	n/a	WORD_OFF	1040580	n/a	LTP508	ltpDelayRepFRReadOnly	4	3	5	n/a	n/a	0	n/a	0
510.8466796875	n/a	WORD	1046214	n/a	LTP508	ltpDelayRepFRReadOnly	4	3	6	DUCK	33	1	2	0
512.4453125	n/a	WORD_OFF	1049488	n/a	LTP508	ltpDelayRepFRReadOnly	4	3	6	n/a	n/a	0	n/a	0
515.16259765625	n/a	WORD	1055053	n/a	LTP508	ltpDelayRepFRReadOnly	4	3	7	TOASTER	9	1	2	0
516.76220703125	n/a	WORD_OFF	1058329	n/a	LTP508	ltpDelayRepFRReadOnly	4	3	7	n/a	n/a	0	n/a	0
519.72802734375	n/a	WORD	1064403	n/a	LTP508	ltpDelayRepFRReadOnly	4	3	8	MILK	21	1	2	0
521.3291015625	n/a	WORD_OFF	1067682	n/a	LTP508	ltpDelayRepFRReadOnly	4	3	8	n/a	n/a	0	n/a	0
524.044921875	n/a	WORD	1073244	n/a	LTP508	ltpDelayRepFRReadOnly	4	3	9	NOTEBOOK	221	1	2	1
525.64501953125	n/a	WORD_OFF	1076521	n/a	LTP508	ltpDelayRepFRReadOnly	4	3	9	n/a	n/a	0	n/a	0
528.59619140625	n/a	WORD	1082565	n/a	LTP508	ltpDelayRepFRReadOnly	4	3	10	BROCCOLI	266	1	2	1
530.19482421875	n/a	WORD_OFF	1085839	n/a	LTP508	ltpDelayRepFRReadOnly	4	3	10	n/a	n/a	0	n/a	0
533.1796875	n/a	WORD	1091952	n/a	LTP508	ltpDelayRepFRReadOnly	4	3	11	GIRAFFE	305	1	2	1
534.77880859375	n/a	WORD_OFF	1095227	n/a	LTP508	ltpDelayRepFRReadOnly	4	3	11	n/a	n/a	0	n/a	0
537.74462890625	n/a	WORD	1101301	n/a	LTP508	ltpDelayRepFRReadOnly	4	3	12	VIOLET	127	1	1	0
539.345703125	n/a	WORD_OFF	1104580	n/a	LTP508	ltpDelayRepFRReadOnly	4	3	12	n/a	n/a	0	n/a	0
542.0615234375	n/a	WORD	1110142	n/a	LTP508	ltpDelayRepFRReadOnly	4	3	13	DUCK	33	1	2	1
543.66162109375	n/a	WORD_OFF	1113419	n/a	LTP508	ltpDelayRepFRReadOnly	4	3	13	n/a	n/a	0	n/a	0
546.51171875	n/a	WORD	1119256	n/a	LTP508	ltpDelayRepFRReadOnly	4	3	14	SKIRT	66	1	1	0
548.111328125	n/a	WORD_OFF	1122532	n/a	LTP508	ltpDelayRepFRReadOnly	4	3	14	n/a	n/a	0	n/a	0
550.84423828125	n/a	WORD	1128129	n/a	LTP508	ltpDelayRepFRReadOnly	4	3	15	TOASTER	9	1	2	1
552.4443359375	n/a	WORD_OFF	1131406	n/a	LTP508	ltpDelayRepFRReadOnly	4	3	15	n/a	n/a	0	n/a	0
555.0615234375	n/a	WORD	1136766	n/a	LTP508	ltpDelayRepFRReadOnly	4	3	16	SPIDER	168	1	1	0
556.6611328125	n/a	WORD_OFF	1140042	n/a	LTP508	ltpDelayRepFRReadOnly	4	3	16	n/a	n/a	0	n/a	0
559.5439453125	n/a	WORD	1145946	n/a	LTP508	ltpDelayRepFRReadOnly	4	3	17	MILK	21	1	2	1
561.14404296875	n/a	WORD_OFF	1149223	n/a	LTP508	ltpDelayRepFRReadOnly	4	3	17	n/a	n/a	0	n/a	0
578.91064453125	n/a	REC_START	1185609	n/a	LTP508	ltpDelayRepFRReadOnly	4	3	n/a	n/a	n/a	0	n/a	0
580.1484375	n/a	REC_WORD	1188144	n/a	LTP508	ltpDelayRepFRReadOnly	4	3	n/a	NOTEBOOK	221	0	2	1
581.3525390625	n/a	REC_WORD	1190610	n/a	LTP508	ltpDelayRepFRReadOnly	4	3	n/a	BROCCOLI	266	0	2	1
582.50048828125	n/a	REC_WORD	1192961	n/a	LTP508	ltpDelayRepFRReadOnly	4	3	n/a	MILK	21	0	2	1
583.71435546875	n/a	REC_WORD	1195447	n/a	LTP508	ltpDelayRepFRReadOnly	4	3	n/a	DUCK	33	0	2	1
584.5546875	n/a	REC_WORD	1197168	n/a	LTP508	ltpDelayRepFRReadOnly	4	3	n/a	SKIRT	66	0	1	1
585.84423828125	n/a	REC_WORD	1199809	n/a	LTP508	ltpDelayRepFRReadOnly	4	3	n/a	AXE	241	0	1	1
586.7744140625	n/a	REC_WORD	1201714	n/a	LTP508	ltpDelayRepFRReadOnly	4	3	n/a	TOASTER	9	0	2	1
587.83056640625	n/a	REC_WORD	1203877	n/a	LTP508	ltpDelayRepFRReadOnly	4	3	n/a	VIOLET	127	0	1	1
589.72509765625	n/a	REC_WORD	1207757	n/a	LTP508	ltpDelayRepFRReadOnly	4	3	n/a	GIRAFFE	305	0	2	1
590.88134765625	n/a	REC_WORD	1210125	n/a	LTP508	ltpDelayRepFRReadOnly	4	3	n/a	BASKETBALL	247	0	1	1
591.900390625	n/a	REC_WORD	1212212	n/a	LTP508	ltpDelayRepFRReadOnly	4	3	n/a	CHAIR	147	0	1	1
593.39599609375	n/a	REC_WORD	1215275	n/a	LTP508	ltpDelayRepFRReadOnly	4	3	n/a	SPIDER	168	0	1	1
609.41455078125	n/a	REC_END	1248081	n/a	LTP508	ltpDelayRepFRReadOnly	4	3	n/a	n/a	n/a	0	n/a	0
609.41455078125	n/a	TRIAL_START	1248081	n/a	LTP508	ltpDelayRepFRReadOnly	4	n/a	n/a	n/a	n/a	0	n/a	0
616.859375	n/a	COUNTDOWN	1263328	n/a	LTP508	ltpDelayRepFRReadOnly	4	n/a	n/a	n/a	n/a	0	n/a	0
620.75927734375	n/a	WORD	1271315	n/a	LTP508	ltpDelayRepFRReadOnly	4	4	0	RULER	226	1	1	0
622.3603515625	n/a	WORD_OFF	1274594	n/a	LTP508	ltpDelayRepFRReadOnly	4	4	0	n/a	n/a	0	n/a	0
625.359375	n/a	WORD	1280736	n/a	LTP508	ltpDelayRepFRReadOnly	4	4	1	SODA	15	1	2	0
626.95947265625	n/a	WORD_OFF	1284013	n/a	LTP508	ltpDelayRepFRReadOnly	4	4	1	n/a	n/a	0	n/a	0
629.693359375	n/a	WORD	1289612	n/a	LTP508	ltpDelayRepFRReadOnly	4	4	2	TIGER	306	1	2	0
631.2919921875	n/a	WORD_OFF	1292886	n/a	LTP508	ltpDelayRepFRReadOnly	4	4	2	n/a	n/a	0	n/a	0
634.00927734375	n/a	WORD	1298451	n/a	LTP508	ltpDelayRepFRReadOnly	4	4	3	OVEN	5	1	2	0
635.60888671875	n/a	WORD_OFF	1301727	n/a	LTP508	ltpDelayRepFRReadOnly	4	4	3	n/a	n/a	0	n/a	0
638.22607421875	n/a	WORD	1307087	n/a	LTP508	ltpDelayRepFRReadOnly	4	4	4	CEILING	55	0	1	0
639.826171875	n/a	WORD_OFF	1310364	n/a	LTP508	ltpDelayRepFRReadOnly	4	4	4	n/a	n/a	0	n/a	0
642.60986328125	n/a	WORD	1316065	n/a	LTP508	ltpDelayRepFRReadOnly	4	4	5	APPLE	134	1	1	0
644.208984375	n/a	WORD_OFF	1319340	n/a	LTP508	ltpDelayRepFRReadOnly	4	4	5	n/a	n/a	0	n/a	0
646.8759765625	n/a	WORD	1324802	n/a	LTP508	ltpDelayRepFRReadOnly	4	4	6	HILLS	199	1	2	0
648.4755859375	n/a	WORD_OFF	1328078	n/a	LTP508	ltpDelayRepFRReadOnly	4	4	6	n/a	n/a	0	n/a	0
651.009765625	n/a	WORD	1333268	n/a	LTP508	ltpDelayRepFRReadOnly	4	4	7	MOTORCYCLE	283	1	2	0
652.6083984375	n/a	WORD_OFF	1336542	n/a	LTP508	ltpDelayRepFRReadOnly	4	4	7	n/a	n/a	0	n/a	0
655.20947265625	n/a	WORD	1341869	n/a	LTP508	ltpDelayRepFRReadOnly	4	4	8	CHEESECAKE	78	1	2	0
656.8095703125	n/a	WORD_OFF	1345146	n/a	LTP508	ltpDelayRepFRReadOnly	4	4	8	n/a	n/a	0	n/a	0
659.5751953125	n/a	WORD	1350810	n/a	LTP508	ltpDelayRepFRReadOnly	4	4	9	WIND	291	1	1	0
661.17529296875	n/a	WORD_OFF	1354087	n/a	LTP508	ltpDelayRepFRReadOnly	4	4	9	n/a	n/a	0	n/a	0
663.9921875	n/a	WORD	1359856	n/a	LTP508	ltpDelayRepFRReadOnly	4	4	10	TIGER	306	1	2	1
665.59228515625	n/a	WORD_OFF	1363133	n/a	LTP508	ltpDelayRepFRReadOnly	4	4	10	n/a	n/a	0	n/a	0
668.2412109375	n/a	WORD	1368558	n/a	LTP508	ltpDelayRepFRReadOnly	4	4	11	OVEN	5	1	2	1
669.84228515625	n/a	WORD_OFF	1371837	n/a	LTP508	ltpDelayRepFRReadOnly	4	4	11	n/a	n/a	0	n/a	0
672.64208984375	n/a	WORD	1377571	n/a	LTP508	ltpDelayRepFRReadOnly	4	4	12	SODA	15	1	2	1
674.2412109375	n/a	WORD_OFF	1380846	n/a	LTP508	ltpDelayRepFRReadOnly	4	4	12	n/a	n/a	0	n/a	0
677.14208984375	n/a	WORD	1386787	n/a	LTP508	ltpDelayRepFRReadOnly	4	4	13	SPEAKER	95	1	1	0
678.74072265625	n/a	WORD_OFF	1390061	n/a	LTP508	ltpDelayRepFRReadOnly	4	4	13	n/a	n/a	0	n/a	0
681.375	n/a	WORD	1395456	n/a	LTP508	ltpDelayRepFRReadOnly	4	4	14	HILLS	199	1	2	1
682.974609375	n/a	WORD_OFF	1398732	n/a	LTP508	ltpDelayRepFRReadOnly	4	4	14	n/a	n/a	0	n/a	0
685.8076171875	n/a	WORD	1404534	n/a	LTP508	ltpDelayRepFRReadOnly	4	4	15	MOTORCYCLE	283	1	2	1
687.40673828125	n/a	WORD_OFF	1407809	n/a	LTP508	ltpDelayRepFRReadOnly	4	4	15	n/a	n/a	0	n/a	0
690.025390625	n/a	WORD	1413172	n/a	LTP508	ltpDelayRepFRReadOnly	4	4	16	CHEESECAKE	78	1	2	1
691.62451171875	n/a	WORD_OFF	1416447	n/a	LTP508	ltpDelayRepFRReadOnly	4	4	16	n/a	n/a	0	n/a	0
694.2744140625	n/a	WORD	1421874	n/a	LTP508	ltpDelayRepFRReadOnly	4	4	17	CABINET	157	1	1	0
695.87451171875	n/a	WORD_OFF	1425151	n/a	LTP508	ltpDelayRepFRReadOnly	4	4	17	n/a	n/a	0	n/a	0
713.5908203125	n/a	REC_START	1461434	n/a	LTP508	ltpDelayRepFRReadOnly	4	4	n/a	n/a	n/a	0	n/a	0
715.43505859375	n/a	REC_WORD	1465211	n/a	LTP508	ltpDelayRepFRReadOnly	4	4	n/a	APPLE	134	0	1	1
716.60888671875	n/a	REC_WORD	1467615	n/a	LTP508	ltpDelayRepFRReadOnly	4	4	n/a	CHEESECAKE	78	0	2	1
717.99365234375	n/a	REC_WORD	1470451	n/a	LTP508	ltpDelayRepFRReadOnly	4	4	n/a	SPEAKER	95	0	1	1
719.3896484375	n/a	REC_WORD	1473310	n/a	LTP508	ltpDelayRepFRReadOnly	4	4	n/a	MOTORCYCLE	283	0	2	1
720.6279296875	n/a	REC_WORD	1475846	n/a	LTP508	ltpDelayRepFRReadOnly	4	4	n/a	CABINET	157	0	1	1
721.9228515625	n/a	REC_WORD	1478498	n/a	LTP508	ltpDelayRepFRReadOnly	4	4	n/a	HILLS	199	0	2	1
723.16552734375	n/a	REC_WORD	1481043	n/a	LTP508	ltpDelayRepFRReadOnly	4	4	n/a	WIND	291	0	1	1
725.28955078125	n/a	REC_WORD	1485393	n/a	LTP508	ltpDelayRepFRReadOnly	4	4	n/a	TIGER	306	0	2	1
726.44970703125	n/a	REC_WORD	1487769	n/a	LTP508	ltpDelayRepFRReadOnly	4	4	n/a	RULER	226	0	1	1
727.71240234375	n/a	REC_WORD	1490355	n/a	LTP508	ltpDelayRepFRReadOnly	4	4	n/a	OVEN	5	0	2	1
738.85009765625	n/a	REC_WORD	1513165	n/a	LTP508	ltpDelayRepFRReadOnly	4	4	n/a	SODA	15	0	2	1
744.09423828125	n/a	REC_END	1523905	n/a	LTP508	ltpDelayRepFRReadOnly	4	4	n/a	n/a	n/a	0	n/a	0
744.09423828125	n/a	TRIAL_START	1523905	n/a	LTP508	ltpDelayRepFRReadOnly	4	n/a	n/a	n/a	n/a	0	n/a	0
751.47265625	n/a	COUNTDOWN	1539016	n/a	LTP508	ltpDelayRepFRReadOnly	4	n/a	n/a	n/a	n/a	0	n/a	0
755.37255859375	n/a	WORD	1547003	n/a	LTP508	ltpDelayRepFRReadOnly	4	5	0	WRENCH	232	1	1	0
756.97265625	n/a	WORD_OFF	1550280	n/a	LTP508	ltpDelayRepFRReadOnly	4	5	0	n/a	n/a	0	n/a	0
759.6064453125	n/a	WORD	1555674	n/a	LTP508	ltpDelayRepFRReadOnly	4	5	1	CELLO	178	0	2	0
761.20654296875	n/a	WORD_OFF	1558951	n/a	LTP508	ltpDelayRepFRReadOnly	4	5	1	n/a	n/a	0	n/a	0
763.98974609375	n/a	WORD	1564651	n/a	LTP508	ltpDelayRepFRReadOnly	4	5	2	OCTOPUS	217	0	1	0
765.58935546875	n/a	WORD_OFF	1567927	n/a	LTP508	ltpDelayRepFRReadOnly	4	5	2	n/a	n/a	0	n/a	0
768.47216796875	n/a	WORD	1573831	n/a	LTP508	ltpDelayRepFRReadOnly	4	5	3	MARIGOLD	133	1	1	0
770.072265625	n/a	WORD_OFF	1577108	n/a	LTP508	ltpDelayRepFRReadOnly	4	5	3	n/a	n/a	0	n/a	0
772.6220703125	n/a	WORD	1582330	n/a	LTP508	ltpDelayRepFRReadOnly	4	5	4	COUCH	148	1	2	0
774.22314453125	n/a	WORD_OFF	1585609	n/a	LTP508	ltpDelayRepFRReadOnly	4	5	4	n/a	n/a	0	n/a	0
777.05615234375	n/a	WORD	1591411	n/a	LTP508	ltpDelayRepFRReadOnly	4	5	5	BLENDER	10	1	2	0
778.65625	n/a	WORD_OFF	1594688	n/a	LTP508	ltpDelayRepFRReadOnly	4	5	5	n/a	n/a	0	n/a	0
781.38916015625	n/a	WORD	1600285	n/a	LTP508	ltpDelayRepFRReadOnly	4	5	6	SATIN	102	1	2	0
782.98876953125	n/a	WORD_OFF	1603561	n/a	LTP508	ltpDelayRepFRReadOnly	4	5	6	n/a	n/a	0	n/a	0
785.7890625	n/a	WORD	1609296	n/a	LTP508	ltpDelayRepFRReadOnly	4	5	7	ATTIC	61	1	2	0
787.388671875	n/a	WORD_OFF	1612572	n/a	LTP508	ltpDelayRepFRReadOnly	4	5	7	n/a	n/a	0	n/a	0
790.32275390625	n/a	WORD	1618581	n/a	LTP508	ltpDelayRepFRReadOnly	4	5	8	HEN	114	1	2	0
791.921875	n/a	WORD_OFF	1621856	n/a	LTP508	ltpDelayRepFRReadOnly	4	5	8	n/a	n/a	0	n/a	0
794.9228515625	n/a	WORD	1628002	n/a	LTP508	ltpDelayRepFRReadOnly	4	5	9	COUCH	148	1	2	1
796.521484375	n/a	WORD_OFF	1631276	n/a	LTP508	ltpDelayRepFRReadOnly	4	5	9	n/a	n/a	0	n/a	0
799.12158203125	n/a	WORD	1636601	n/a	LTP508	ltpDelayRepFRReadOnly	4	5	10	FINGERS	40	1	1	0
800.7216796875	n/a	WORD_OFF	1639878	n/a	LTP508	ltpDelayRepFRReadOnly	4	5	10	n/a	n/a	0	n/a	0
803.4052734375	n/a	WORD	1645374	n/a	LTP508	ltpDelayRepFRReadOnly	4	5	11	CELLO	178	0	2	1
805.00439453125	n/a	WORD_OFF	1648649	n/a	LTP508	ltpDelayRepFRReadOnly	4	5	11	n/a	n/a	0	n/a	0
807.50537109375	n/a	WORD	1653771	n/a	LTP508	ltpDelayRepFRReadOnly	4	5	12	SATIN	102	1	2	1
809.10546875	n/a	WORD_OFF	1657048	n/a	LTP508	ltpDelayRepFRReadOnly	4	5	12	n/a	n/a	0	n/a	0
811.6220703125	n/a	WORD	1662202	n/a	LTP508	ltpDelayRepFRReadOnly	4	5	13	BLENDER	10	1	2	1
813.22216796875	n/a	WORD_OFF	1665479	n/a	LTP508	ltpDelayRepFRReadOnly	4	5	13	n/a	n/a	0	n/a	0
815.97119140625	n/a	WORD	1671109	n/a	LTP508	ltpDelayRepFRReadOnly	4	5	14	ATTIC	61	1	2	1
817.57080078125	n/a	WORD_OFF	1674385	n/a	LTP508	ltpDelayRepFRReadOnly	4	5	14	n/a	n/a	0	n/a	0
820.13818359375	n/a	WORD	1679643	n/a	LTP508	ltpDelayRepFRReadOnly	4	5	15	CYPRESS	265	1	1	0
821.73779296875	n/a	WORD_OFF	1682919	n/a	LTP508	ltpDelayRepFRReadOnly	4	5	15	n/a	n/a	0	n/a	0
824.73779296875	n/a	WORD	1689063	n/a	LTP508	ltpDelayRepFRReadOnly	4	5	16	HEN	114	1	2	1
826.337890625	n/a	WORD_OFF	1692340	n/a	LTP508	ltpDelayRepFRReadOnly	4	5	16	n/a	n/a	0	n/a	0
829.23779296875	n/a	WORD	1698279	n/a	LTP508	ltpDelayRepFRReadOnly	4	5	17	COAT	71	1	1	0
830.837890625	n/a	WORD_OFF	1701556	n/a	LTP508	ltpDelayRepFRReadOnly	4	5	17	n/a	n/a	0	n/a	0
848.55419921875	n/a	REC_START	1737839	n/a	LTP508	ltpDelayRepFRReadOnly	4	5	n/a	n/a	n/a	0	n/a	0
849.29296875	n/a	REC_WORD	1739352	n/a	LTP508	ltpDelayRepFRReadOnly	4	5	n/a	HEN	114	0	2	1
850.64013671875	n/a	REC_WORD	1742111	n/a	LTP508	ltpDelayRepFRReadOnly	4	5	n/a	BLENDER	10	0	2	1
851.80517578125	n/a	REC_WORD	1744497	n/a	LTP508	ltpDelayRepFRReadOnly	4	5	n/a	COAT	71	0	1	1
853.619140625	n/a	REC_WORD	1748212	n/a	LTP508	ltpDelayRepFRReadOnly	4	5	n/a	MARIGOLD	133	0	1	1
854.72412109375	n/a	REC_WORD	1750475	n/a	LTP508	ltpDelayRepFRReadOnly	4	5	n/a	CYPRESS	265	0	1	1
855.72412109375	n/a	REC_WORD_VV	1752523	n/a	LTP508	ltpDelayRepFRReadOnly	4	5	n/a	<>	-1	0	n/a	0
857.89599609375	n/a	REC_WORD	1756971	n/a	LTP508	ltpDelayRepFRReadOnly	4	5	n/a	SATIN	102	0	2	1
859.0888671875	n/a	REC_WORD	1759414	n/a	LTP508	ltpDelayRepFRReadOnly	4	5	n/a	COUCH	148	0	2	1
860.0546875	n/a	REC_WORD	1761392	n/a	LTP508	ltpDelayRepFRReadOnly	4	5	n/a	SQUID	216	0	1	1
861.37060546875	n/a	REC_WORD	1764087	n/a	LTP508	ltpDelayRepFRReadOnly	4	5	n/a	WRENCH	232	0	1	1
862.515625	n/a	REC_WORD	1766432	n/a	LTP508	ltpDelayRepFRReadOnly	4	5	n/a	FINGERS	40	0	1	1
865.1748046875	n/a	REC_WORD	1771878	n/a	LTP508	ltpDelayRepFRReadOnly	4	5	n/a	ATTIC	61	0	2	1
879.05810546875	n/a	REC_END	1800311	n/a	LTP508	ltpDelayRepFRReadOnly	4	5	n/a	n/a	n/a	0	n/a	0
879.05810546875	n/a	TRIAL_START	1800311	n/a	LTP508	ltpDelayRepFRReadOnly	4	n/a	n/a	n/a	n/a	0	n/a	0
886.47021484375	n/a	COUNTDOWN	1815491	n/a	LTP508	ltpDelayRepFRReadOnly	4	n/a	n/a	n/a	n/a	0	n/a	0
890.38623046875	n/a	WORD	1823511	n/a	LTP508	ltpDelayRepFRReadOnly	4	6	0	SUNFLOWER	131	1	2	0
891.98583984375	n/a	WORD_OFF	1826787	n/a	LTP508	ltpDelayRepFRReadOnly	4	6	0	n/a	n/a	0	n/a	0
894.71875	n/a	WORD	1832384	n/a	LTP508	ltpDelayRepFRReadOnly	4	6	1	WATER	16	1	1	0
896.31982421875	n/a	WORD_OFF	1835663	n/a	LTP508	ltpDelayRepFRReadOnly	4	6	1	n/a	n/a	0	n/a	0
899.06884765625	n/a	WORD	1841293	n/a	LTP508	ltpDelayRepFRReadOnly	4	6	2	HUMIDITY	292	1	2	0
900.669921875	n/a	WORD_OFF	1844572	n/a	LTP508	ltpDelayRepFRReadOnly	4	6	2	n/a	n/a	0	n/a	0
903.2685546875	n/a	WORD	1849894	n/a	LTP508	ltpDelayRepFRReadOnly	4	6	3	POTATO	275	1	2	0
904.86962890625	n/a	WORD_OFF	1853173	n/a	LTP508	ltpDelayRepFRReadOnly	4	6	3	n/a	n/a	0	n/a	0
907.53662109375	n/a	WORD	1858635	n/a	LTP508	ltpDelayRepFRReadOnly	4	6	4	LION	304	1	2	0
909.1357421875	n/a	WORD_OFF	1861910	n/a	LTP508	ltpDelayRepFRReadOnly	4	6	4	n/a	n/a	0	n/a	0
912.08544921875	n/a	WORD	1867951	n/a	LTP508	ltpDelayRepFRReadOnly	4	6	5	BLOUSE	70	1	2	0
913.685546875	n/a	WORD_OFF	1871228	n/a	LTP508	ltpDelayRepFRReadOnly	4	6	5	n/a	n/a	0	n/a	0
916.33544921875	n/a	WORD	1876655	n/a	LTP508	ltpDelayRepFRReadOnly	4	6	6	DOVE	32	1	2	0
917.93505859375	n/a	WORD_OFF	1879931	n/a	LTP508	ltpDelayRepFRReadOnly	4	6	6	n/a	n/a	0	n/a	0
920.50244140625	n/a	WORD	1885189	n/a	LTP508	ltpDelayRepFRReadOnly	4	6	7	SUNFLOWER	131	1	2	1
922.10205078125	n/a	WORD_OFF	1888465	n/a	LTP508	ltpDelayRepFRReadOnly	4	6	7	n/a	n/a	0	n/a	0
924.751953125	n/a	WORD	1893892	n/a	LTP508	ltpDelayRepFRReadOnly	4	6	8	KNIFE	183	1	1	0
926.35107421875	n/a	WORD_OFF	1897167	n/a	LTP508	ltpDelayRepFRReadOnly	4	6	8	n/a	n/a	0	n/a	0
928.9521484375	n/a	WORD	1902494	n/a	LTP508	ltpDelayRepFRReadOnly	4	6	9	HUMIDITY	292	1	2	1
930.5517578125	n/a	WORD_OFF	1905770	n/a	LTP508	ltpDelayRepFRReadOnly	4	6	9	n/a	n/a	0	n/a	0
933.36865234375	n/a	WORD	1911539	n/a	LTP508	ltpDelayRepFRReadOnly	4	6	10	LION	304	1	2	1
934.9677734375	n/a	WORD_OFF	1914814	n/a	LTP508	ltpDelayRepFRReadOnly	4	6	10	n/a	n/a	0	n/a	0
937.86865234375	n/a	WORD	1920755	n/a	LTP508	ltpDelayRepFRReadOnly	4	6	11	MIXER	11	1	1	0
939.46875	n/a	WORD_OFF	1924032	n/a	LTP508	ltpDelayRepFRReadOnly	4	6	11	n/a	n/a	0	n/a	0
942.20166015625	n/a	WORD	1929629	n/a	LTP508	ltpDelayRepFRReadOnly	4	6	12	SOFA	150	1	1	0
943.8017578125	n/a	WORD_OFF	1932906	n/a	LTP508	ltpDelayRepFRReadOnly	4	6	12	n/a	n/a	0	n/a	0
946.38525390625	n/a	WORD	1938197	n/a	LTP508	ltpDelayRepFRReadOnly	4	6	13	POTATO	275	1	2	1
947.984375	n/a	WORD_OFF	1941472	n/a	LTP508	ltpDelayRepFRReadOnly	4	6	13	n/a	n/a	0	n/a	0
950.88427734375	n/a	WORD	1947411	n/a	LTP508	ltpDelayRepFRReadOnly	4	6	14	BLOUSE	70	1	2	1
952.484375	n/a	WORD_OFF	1950688	n/a	LTP508	ltpDelayRepFRReadOnly	4	6	14	n/a	n/a	0	n/a	0
955.318359375	n/a	WORD	1956492	n/a	LTP508	ltpDelayRepFRReadOnly	4	6	15	ORANGE	135	1	1	0
956.91796875	n/a	WORD_OFF	1959768	n/a	LTP508	ltpDelayRepFRReadOnly	4	6	15	n/a	n/a	0	n/a	0
959.55126953125	n/a	WORD	1965161	n/a	LTP508	ltpDelayRepFRReadOnly	4	6	16	STREAM	195	1	1	0
961.15087890625	n/a	WORD_OFF	1968437	n/a	LTP508	ltpDelayRepFRReadOnly	4	6	16	n/a	n/a	0	n/a	0
963.91796875	n/a	WORD	1974104	n/a	LTP508	ltpDelayRepFRReadOnly	4	6	17	DOVE	32	1	2	1
965.51806640625	n/a	WORD_OFF	1977381	n/a	LTP508	ltpDelayRepFRReadOnly	4	6	17	n/a	n/a	0	n/a	0
983.13427734375	n/a	REC_START	2013459	n/a	LTP508	ltpDelayRepFRReadOnly	4	6	n/a	n/a	n/a	0	n/a	0
984.34765625	n/a	REC_WORD	2015944	n/a	LTP508	ltpDelayRepFRReadOnly	4	6	n/a	MIXER	11	0	1	1
985.4033203125	n/a	REC_WORD	2018106	n/a	LTP508	ltpDelayRepFRReadOnly	4	6	n/a	SOFA	150	0	1	1
986.78125	n/a	REC_WORD	2020928	n/a	LTP508	ltpDelayRepFRReadOnly	4	6	n/a	STREAM	195	0	1	1
988.17236328125	n/a	REC_WORD	2023777	n/a	LTP508	ltpDelayRepFRReadOnly	4	6	n/a	WATER	16	0	1	1
989.21533203125	n/a	REC_WORD	2025913	n/a	LTP508	ltpDelayRepFRReadOnly	4	6	n/a	HUMIDITY	292	0	2	1
990.46923828125	n/a	REC_WORD	2028481	n/a	LTP508	ltpDelayRepFRReadOnly	4	6	n/a	SUNFLOWER	131	0	2	1
991.46923828125	n/a	REC_WORD_VV	2030529	n/a	LTP508	ltpDelayRepFRReadOnly	4	6	n/a	<>	-1	0	n/a	0
991.912109375	n/a	REC_WORD	2031436	n/a	LTP508	ltpDelayRepFRReadOnly	4	6	n/a	POTATO	275	0	2	1
993.18896484375	n/a	REC_WORD	2034051	n/a	LTP508	ltpDelayRepFRReadOnly	4	6	n/a	KNIFE	183	0	1	1
994.55029296875	n/a	REC_WORD	2036839	n/a	LTP508	ltpDelayRepFRReadOnly	4	6	n/a	ORANGE	135	0	1	1
995.83203125	n/a	REC_WORD	2039464	n/a	LTP508	ltpDelayRepFRReadOnly	4	6	n/a	LION	304	0	2	1
997.0849609375	n/a	REC_WORD	2042030	n/a	LTP508	ltpDelayRepFRReadOnly	4	6	n/a	BLOUSE	70	0	2	1
998.455078125	n/a	REC_WORD	2044836	n/a	LTP508	ltpDelayRepFRReadOnly	4	6	n/a	DOVE	32	0	2	1
1013.638671875	n/a	REC_END	2075932	n/a	LTP508	ltpDelayRepFRReadOnly	4	6	n/a	n/a	n/a	0	n/a	0
1013.638671875	n/a	TRIAL_START	2075932	n/a	LTP508	ltpDelayRepFRReadOnly	4	n/a	n/a	n/a	n/a	0	n/a	0
1013.6494140625	n/a	BREAK_START	2075954	n/a	LTP508	ltpDelayRepFRReadOnly	4	n/a	n/a	n/a	n/a	0	n/a	0
1014.6494140625	n/a	BREAK_STOP	2078002	n/a	LTP508	ltpDelayRepFRReadOnly	4	n/a	n/a	n/a	n/a	0	n/a	0
1254.31103515625	n/a	COUNTDOWN	2568829	n/a	LTP508	ltpDelayRepFRReadOnly	4	n/a	n/a	n/a	n/a	0	n/a	0
1258.2939453125	n/a	WORD	2576986	n/a	LTP508	ltpDelayRepFRReadOnly	4	7	0	ROBIN	28	1	2	0
1259.89404296875	n/a	WORD_OFF	2580263	n/a	LTP508	ltpDelayRepFRReadOnly	4	7	0	n/a	n/a	0	n/a	0
1262.77783203125	n/a	WORD	2586169	n/a	LTP508	ltpDelayRepFRReadOnly	4	7	1	ISLAND	205	1	2	0
1264.376953125	n/a	WORD_OFF	2589444	n/a	LTP508	ltpDelayRepFRReadOnly	4	7	1	n/a	n/a	0	n/a	0
1267.2607421875	n/a	WORD	2595350	n/a	LTP508	ltpDelayRepFRReadOnly	4	7	2	HURRICANE	300	1	1	0
1268.859375	n/a	WORD_OFF	2598624	n/a	LTP508	ltpDelayRepFRReadOnly	4	7	2	n/a	n/a	0	n/a	0
1271.84326171875	n/a	WORD	2604735	n/a	LTP508	ltpDelayRepFRReadOnly	4	7	3	HEADPHONES	94	1	2	0
1273.4423828125	n/a	WORD_OFF	2608010	n/a	LTP508	ltpDelayRepFRReadOnly	4	7	3	n/a	n/a	0	n/a	0
1276.17626953125	n/a	WORD	2613609	n/a	LTP508	ltpDelayRepFRReadOnly	4	7	4	ROACH	165	1	2	0
1277.77734375	n/a	WORD_OFF	2616888	n/a	LTP508	ltpDelayRepFRReadOnly	4	7	4	n/a	n/a	0	n/a	0
1280.30908203125	n/a	WORD	2622073	n/a	LTP508	ltpDelayRepFRReadOnly	4	7	5	IRON	13	1	1	0
1281.9091796875	n/a	WORD_OFF	2625350	n/a	LTP508	ltpDelayRepFRReadOnly	4	7	5	n/a	n/a	0	n/a	0
1284.9091796875	n/a	WORD	2631494	n/a	LTP508	ltpDelayRepFRReadOnly	4	7	6	PUZZLE	248	1	1	0
1286.51025390625	n/a	WORD_OFF	2634773	n/a	LTP508	ltpDelayRepFRReadOnly	4	7	6	n/a	n/a	0	n/a	0
1289.10986328125	n/a	WORD	2640097	n/a	LTP508	ltpDelayRepFRReadOnly	4	7	7	LAMB	119	1	1	0
1290.708984375	n/a	WORD_OFF	2643372	n/a	LTP508	ltpDelayRepFRReadOnly	4	7	7	n/a	n/a	0	n/a	0
1293.52587890625	n/a	WORD	2649141	n/a	LTP508	ltpDelayRepFRReadOnly	4	7	8	LEMONADE	17	1	2	0
1295.1259765625	n/a	WORD_OFF	2652418	n/a	LTP508	ltpDelayRepFRReadOnly	4	7	8	n/a	n/a	0	n/a	0
1297.759765625	n/a	WORD	2657812	n/a	LTP508	ltpDelayRepFRReadOnly	4	7	9	SCREWDRIVER	230	1	2	0
1299.35888671875	n/a	WORD_OFF	2661087	n/a	LTP508	ltpDelayRepFRReadOnly	4	7	9	n/a	n/a	0	n/a	0
1301.892578125	n/a	WORD	2666276	n/a	LTP508	ltpDelayRepFRReadOnly	4	7	10	HALLWAY	58	0	1	0
1303.49267578125	n/a	WORD_OFF	2669553	n/a	LTP508	ltpDelayRepFRReadOnly	4	7	10	n/a	n/a	0	n/a	0
1306.3427734375	n/a	WORD	2675390	n/a	LTP508	ltpDelayRepFRReadOnly	4	7	11	PLANE	284	0	1	0
1307.9423828125	n/a	WORD_OFF	2678666	n/a	LTP508	ltpDelayRepFRReadOnly	4	7	11	n/a	n/a	0	n/a	0
1310.5751953125	n/a	WORD	2684058	n/a	LTP508	ltpDelayRepFRReadOnly	4	7	12	ROBIN	28	1	2	1
1312.17529296875	n/a	WORD_OFF	2687335	n/a	LTP508	ltpDelayRepFRReadOnly	4	7	12	n/a	n/a	0	n/a	0
1315.109375	n/a	WORD	2693344	n/a	LTP508	ltpDelayRepFRReadOnly	4	7	13	ISLAND	205	1	2	1
1316.70947265625	n/a	WORD_OFF	2696621	n/a	LTP508	ltpDelayRepFRReadOnly	4	7	13	n/a	n/a	0	n/a	0
1319.6259765625	n/a	WORD	2702594	n/a	LTP508	ltpDelayRepFRReadOnly	4	7	14	HEADPHONES	94	1	2	1
1321.22509765625	n/a	WORD_OFF	2705869	n/a	LTP508	ltpDelayRepFRReadOnly	4	7	14	n/a	n/a	0	n/a	0
1323.791015625	n/a	WORD	2711124	n/a	LTP508	ltpDelayRepFRReadOnly	4	7	15	ROACH	165	1	2	1
1325.39111328125	n/a	WORD_OFF	2714401	n/a	LTP508	ltpDelayRepFRReadOnly	4	7	15	n/a	n/a	0	n/a	0
1328.3759765625	n/a	WORD	2720514	n/a	LTP508	ltpDelayRepFRReadOnly	4	7	16	SCREWDRIVER	230	1	2	1
1329.97509765625	n/a	WORD_OFF	2723789	n/a	LTP508	ltpDelayRepFRReadOnly	4	7	16	n/a	n/a	0	n/a	0
1332.77587890625	n/a	WORD	2729525	n/a	LTP508	ltpDelayRepFRReadOnly	4	7	17	LEMONADE	17	1	2	1
1334.375	n/a	WORD_OFF	2732800	n/a	LTP508	ltpDelayRepFRReadOnly	4	7	17	n/a	n/a	0	n/a	0
1351.89208984375	n/a	REC_START	2768675	n/a	LTP508	ltpDelayRepFRReadOnly	4	7	n/a	n/a	n/a	0	n/a	0
1353.17529296875	n/a	REC_WORD	2771303	n/a	LTP508	ltpDelayRepFRReadOnly	4	7	n/a	LEMONADE	17	0	2	1
1354.22802734375	n/a	REC_WORD	2773459	n/a	LTP508	ltpDelayRepFRReadOnly	4	7	n/a	SCREWDRIVER	230	0	2	1
1355.22802734375	n/a	REC_WORD_VV	2775507	n/a	LTP508	ltpDelayRepFRReadOnly	4	7	n/a	<>	-1	0	n/a	0
1355.7744140625	n/a	REC_WORD	2776626	n/a	LTP508	ltpDelayRepFRReadOnly	4	7	n/a	ISLAND	205	0	2	1
1356.828125	n/a	REC_WORD	2778784	n/a	LTP508	ltpDelayRepFRReadOnly	4	7	n/a	HURRICANE	300	0	1	1
1360.94482421875	n/a	REC_WORD	2787215	n/a	LTP508	ltpDelayRepFRReadOnly	4	7	n/a	ROBIN	28	0	2	1
1362.033203125	n/a	REC_WORD	2789444	n/a	LTP508	ltpDelayRepFRReadOnly	4	7	n/a	ROACH	165	0	2	1
1363.1669921875	n/a	REC_WORD	2791766	n/a	LTP508	ltpDelayRepFRReadOnly	4	7	n/a	IRON	13	0	1	1
1364.22412109375	n/a	REC_WORD	2793931	n/a	LTP508	ltpDelayRepFRReadOnly	4	7	n/a	HEADPHONES	94	0	2	1
1365.22412109375	n/a	REC_WORD_VV	2795979	n/a	LTP508	ltpDelayRepFRReadOnly	4	7	n/a	<>	-1	0	n/a	0
1366.06689453125	n/a	REC_WORD	2797705	n/a	LTP508	ltpDelayRepFRReadOnly	4	7	n/a	PUZZLE	248	0	1	1
1367.18701171875	n/a	REC_WORD	2799999	n/a	LTP508	ltpDelayRepFRReadOnly	4	7	n/a	LAMB	119	0	1	1
1382.41259765625	n/a	REC_END	2831181	n/a	LTP508	ltpDelayRepFRReadOnly	4	7	n/a	n/a	n/a	0	n/a	0
1382.41259765625	n/a	TRIAL_START	2831181	n/a	LTP508	ltpDelayRepFRReadOnly	4	n/a	n/a	n/a	n/a	0	n/a	0
1389.97412109375	n/a	COUNTDOWN	2846667	n/a	LTP508	ltpDelayRepFRReadOnly	4	n/a	n/a	n/a	n/a	0	n/a	0
1393.9072265625	n/a	WORD	2854722	n/a	LTP508	ltpDelayRepFRReadOnly	4	8	0	BROWNIES	76	1	1	0
1395.52294921875	n/a	WORD_OFF	2858031	n/a	LTP508	ltpDelayRepFRReadOnly	4	8	0	n/a	n/a	0	n/a	0
1398.45703125	n/a	WORD	2864040	n/a	LTP508	ltpDelayRepFRReadOnly	4	8	1	RAIN	290	1	2	0
1400.05615234375	n/a	WORD_OFF	2867315	n/a	LTP508	ltpDelayRepFRReadOnly	4	8	1	n/a	n/a	0	n/a	0
1402.95703125	n/a	WORD	2873256	n/a	LTP508	ltpDelayRepFRReadOnly	4	8	2	BASS	176	1	2	0
1404.556640625	n/a	WORD_OFF	2876532	n/a	LTP508	ltpDelayRepFRReadOnly	4	8	2	n/a	n/a	0	n/a	0
1407.32373046875	n/a	WORD	2882199	n/a	LTP508	ltpDelayRepFRReadOnly	4	8	3	BEE	161	1	1	0
1408.9228515625	n/a	WORD_OFF	2885474	n/a	LTP508	ltpDelayRepFRReadOnly	4	8	3	n/a	n/a	0	n/a	0
1411.5068359375	n/a	WORD	2890766	n/a	LTP508	ltpDelayRepFRReadOnly	4	8	4	RUM	25	1	2	0
1413.1064453125	n/a	WORD_OFF	2894042	n/a	LTP508	ltpDelayRepFRReadOnly	4	8	4	n/a	n/a	0	n/a	0
1415.82373046875	n/a	WORD	2899607	n/a	LTP508	ltpDelayRepFRReadOnly	4	8	5	BLOCKS	244	1	1	0
1417.42333984375	n/a	WORD_OFF	2902883	n/a	LTP508	ltpDelayRepFRReadOnly	4	8	5	n/a	n/a	0	n/a	0
1420.04052734375	n/a	WORD	2908243	n/a	LTP508	ltpDelayRepFRReadOnly	4	8	6	CAR	278	1	1	0
1421.64013671875	n/a	WORD_OFF	2911519	n/a	LTP508	ltpDelayRepFRReadOnly	4	8	6	n/a	n/a	0	n/a	0
1424.240234375	n/a	WORD	2916844	n/a	LTP508	ltpDelayRepFRReadOnly	4	8	7	PINE	254	1	2	0
1425.84033203125	n/a	WORD_OFF	2920121	n/a	LTP508	ltpDelayRepFRReadOnly	4	8	7	n/a	n/a	0	n/a	0
1428.7060546875	n/a	WORD	2925990	n/a	LTP508	ltpDelayRepFRReadOnly	4	8	8	PRINTER	92	1	2	0
1430.322265625	n/a	WORD_OFF	2929300	n/a	LTP508	ltpDelayRepFRReadOnly	4	8	8	n/a	n/a	0	n/a	0
1432.90625	n/a	WORD	2934592	n/a	LTP508	ltpDelayRepFRReadOnly	4	8	9	ELEPHANT	303	1	2	0
1434.505859375	n/a	WORD_OFF	2937868	n/a	LTP508	ltpDelayRepFRReadOnly	4	8	9	n/a	n/a	0	n/a	0
1437.10595703125	n/a	WORD	2943193	n/a	LTP508	ltpDelayRepFRReadOnly	4	8	10	BASS	176	1	2	1
1438.72265625	n/a	WORD_OFF	2946504	n/a	LTP508	ltpDelayRepFRReadOnly	4	8	10	n/a	n/a	0	n/a	0
1441.388671875	n/a	WORD	2951964	n/a	LTP508	ltpDelayRepFRReadOnly	4	8	11	RAIN	290	1	2	1
1442.98876953125	n/a	WORD_OFF	2955241	n/a	LTP508	ltpDelayRepFRReadOnly	4	8	11	n/a	n/a	0	n/a	0
1445.62255859375	n/a	WORD	2960635	n/a	LTP508	ltpDelayRepFRReadOnly	4	8	12	ROOSTER	115	1	1	0
1447.22265625	n/a	WORD_OFF	2963912	n/a	LTP508	ltpDelayRepFRReadOnly	4	8	12	n/a	n/a	0	n/a	0
1450.00537109375	n/a	WORD	2969611	n/a	LTP508	ltpDelayRepFRReadOnly	4	8	13	PINE	254	1	2	1
1451.62255859375	n/a	WORD_OFF	2972923	n/a	LTP508	ltpDelayRepFRReadOnly	4	8	13	n/a	n/a	0	n/a	0
1454.50537109375	n/a	WORD	2978827	n/a	LTP508	ltpDelayRepFRReadOnly	4	8	14	RUM	25	1	2	1
1456.10546875	n/a	WORD_OFF	2982104	n/a	LTP508	ltpDelayRepFRReadOnly	4	8	14	n/a	n/a	0	n/a	0
1458.80419921875	n/a	WORD	2987631	n/a	LTP508	ltpDelayRepFRReadOnly	4	8	15	PRINTER	92	1	2	1
1460.4052734375	n/a	WORD_OFF	2990910	n/a	LTP508	ltpDelayRepFRReadOnly	4	8	15	n/a	n/a	0	n/a	0
1463.25537109375	n/a	WORD	2996747	n/a	LTP508	ltpDelayRepFRReadOnly	4	8	16	ELEPHANT	303	1	2	1
1464.85498046875	n/a	WORD_OFF	3000023	n/a	LTP508	ltpDelayRepFRReadOnly	4	8	16	n/a	n/a	0	n/a	0
1467.5390625	n/a	WORD	3005520	n/a	LTP508	ltpDelayRepFRReadOnly	4	8	17	STRAINER	187	1	1	0
1469.1552734375	n/a	WORD_OFF	3008830	n/a	LTP508	ltpDelayRepFRReadOnly	4	8	17	n/a	n/a	0	n/a	0
1486.888671875	n/a	REC_START	3045148	n/a	LTP508	ltpDelayRepFRReadOnly	4	8	n/a	n/a	n/a	0	n/a	0
1487.95166015625	n/a	REC_WORD	3047325	n/a	LTP508	ltpDelayRepFRReadOnly	4	8	n/a	BROWNIES	76	0	1	1
1489.103515625	n/a	REC_WORD	3049684	n/a	LTP508	ltpDelayRepFRReadOnly	4	8	n/a	BASS	176	0	2	1
1490.33642578125	n/a	REC_WORD	3052209	n/a	LTP508	ltpDelayRepFRReadOnly	4	8	n/a	ELEPHANT	303	0	2	1
1491.33935546875	n/a	REC_WORD	3054263	n/a	LTP508	ltpDelayRepFRReadOnly	4	8	n/a	STRAINER	187	0	1	1
1492.59033203125	n/a	REC_WORD	3056825	n/a	LTP508	ltpDelayRepFRReadOnly	4	8	n/a	ROOSTER	115	0	1	1
1493.859375	n/a	REC_WORD	3059424	n/a	LTP508	ltpDelayRepFRReadOnly	4	8	n/a	PRINTER	92	0	2	1
1495.0615234375	n/a	REC_WORD	3061886	n/a	LTP508	ltpDelayRepFRReadOnly	4	8	n/a	BEE	161	0	1	1
1496.22216796875	n/a	REC_WORD	3064263	n/a	LTP508	ltpDelayRepFRReadOnly	4	8	n/a	RUM	25	0	2	1
1497.4375	n/a	REC_WORD	3066752	n/a	LTP508	ltpDelayRepFRReadOnly	4	8	n/a	BLOCKS	244	0	1	1
1498.59423828125	n/a	REC_WORD	3069121	n/a	LTP508	ltpDelayRepFRReadOnly	4	8	n/a	RAIN	290	0	2	1
1499.84814453125	n/a	REC_WORD	3071689	n/a	LTP508	ltpDelayRepFRReadOnly	4	8	n/a	PINE	254	0	2	1
1501.076171875	n/a	REC_WORD	3074204	n/a	LTP508	ltpDelayRepFRReadOnly	4	8	n/a	CAR	278	0	1	1
1517.392578125	n/a	REC_END	3107620	n/a	LTP508	ltpDelayRepFRReadOnly	4	8	n/a	n/a	n/a	0	n/a	0
1517.392578125	n/a	TRIAL_START	3107620	n/a	LTP508	ltpDelayRepFRReadOnly	4	n/a	n/a	n/a	n/a	0	n/a	0
1524.88671875	n/a	COUNTDOWN	3122968	n/a	LTP508	ltpDelayRepFRReadOnly	4	n/a	n/a	n/a	n/a	0	n/a	0
1528.7705078125	n/a	WORD	3130922	n/a	LTP508	ltpDelayRepFRReadOnly	4	9	0	ELBOW	48	1	2	0
1530.369140625	n/a	WORD_OFF	3134196	n/a	LTP508	ltpDelayRepFRReadOnly	4	9	0	n/a	n/a	0	n/a	0
1532.953125	n/a	WORD	3139488	n/a	LTP508	ltpDelayRepFRReadOnly	4	9	1	FREEZER	6	0	1	0
1534.55419921875	n/a	WORD_OFF	3142767	n/a	LTP508	ltpDelayRepFRReadOnly	4	9	1	n/a	n/a	0	n/a	0
1537.203125	n/a	WORD	3148192	n/a	LTP508	ltpDelayRepFRReadOnly	4	9	2	CHIMPANZEE	307	1	2	0
1538.80322265625	n/a	WORD_OFF	3151469	n/a	LTP508	ltpDelayRepFRReadOnly	4	9	2	n/a	n/a	0	n/a	0
1541.65283203125	n/a	WORD	3157305	n/a	LTP508	ltpDelayRepFRReadOnly	4	9	3	HAWK	37	1	2	0
1543.2529296875	n/a	WORD_OFF	3160582	n/a	LTP508	ltpDelayRepFRReadOnly	4	9	3	n/a	n/a	0	n/a	0
1546.10400390625	n/a	WORD	3166421	n/a	LTP508	ltpDelayRepFRReadOnly	4	9	4	NYLON	101	1	2	0
1547.7041015625	n/a	WORD_OFF	3169698	n/a	LTP508	ltpDelayRepFRReadOnly	4	9	4	n/a	n/a	0	n/a	0
1550.61962890625	n/a	WORD	3175669	n/a	LTP508	ltpDelayRepFRReadOnly	4	9	5	TONGS	191	1	1	0
1552.23583984375	n/a	WORD_OFF	3178979	n/a	LTP508	ltpDelayRepFRReadOnly	4	9	5	n/a	n/a	0	n/a	0
1554.8525390625	n/a	WORD	3184338	n/a	LTP508	ltpDelayRepFRReadOnly	4	9	6	LOBSTER	209	1	1	0
1556.45361328125	n/a	WORD_OFF	3187617	n/a	LTP508	ltpDelayRepFRReadOnly	4	9	6	n/a	n/a	0	n/a	0
1559.20263671875	n/a	WORD	3193247	n/a	LTP508	ltpDelayRepFRReadOnly	4	9	7	CALCULATOR	96	1	1	0
1560.802734375	n/a	WORD_OFF	3196524	n/a	LTP508	ltpDelayRepFRReadOnly	4	9	7	n/a	n/a	0	n/a	0
1563.486328125	n/a	WORD	3202020	n/a	LTP508	ltpDelayRepFRReadOnly	4	9	8	ROOF	50	1	2	0
1565.08544921875	n/a	WORD_OFF	3205295	n/a	LTP508	ltpDelayRepFRReadOnly	4	9	8	n/a	n/a	0	n/a	0
1568.05322265625	n/a	WORD	3211373	n/a	LTP508	ltpDelayRepFRReadOnly	4	9	9	PLIERS	234	1	2	0
1569.6533203125	n/a	WORD_OFF	3214650	n/a	LTP508	ltpDelayRepFRReadOnly	4	9	9	n/a	n/a	0	n/a	0
1572.46923828125	n/a	WORD	3220417	n/a	LTP508	ltpDelayRepFRReadOnly	4	9	10	ELBOW	48	1	2	1
1574.0693359375	n/a	WORD_OFF	3223694	n/a	LTP508	ltpDelayRepFRReadOnly	4	9	10	n/a	n/a	0	n/a	0
1576.5849609375	n/a	WORD	3228846	n/a	LTP508	ltpDelayRepFRReadOnly	4	9	11	CHIMPANZEE	307	1	2	1
1578.18505859375	n/a	WORD_OFF	3232123	n/a	LTP508	ltpDelayRepFRReadOnly	4	9	11	n/a	n/a	0	n/a	0
1581.10205078125	n/a	WORD	3238097	n/a	LTP508	ltpDelayRepFRReadOnly	4	9	12	WOODS	201	1	1	0
1582.703125	n/a	WORD_OFF	3241376	n/a	LTP508	ltpDelayRepFRReadOnly	4	9	12	n/a	n/a	0	n/a	0
1585.23583984375	n/a	WORD	3246563	n/a	LTP508	ltpDelayRepFRReadOnly	4	9	13	HAWK	37	1	2	1
1586.8369140625	n/a	WORD_OFF	3249842	n/a	LTP508	ltpDelayRepFRReadOnly	4	9	13	n/a	n/a	0	n/a	0
1589.45263671875	n/a	WORD	3255199	n/a	LTP508	ltpDelayRepFRReadOnly	4	9	14	NYLON	101	1	2	1
1591.052734375	n/a	WORD_OFF	3258476	n/a	LTP508	ltpDelayRepFRReadOnly	4	9	14	n/a	n/a	0	n/a	0
1593.685546875	n/a	WORD	3263868	n/a	LTP508	ltpDelayRepFRReadOnly	4	9	15	PLIERS	234	1	2	1
1595.28564453125	n/a	WORD_OFF	3267145	n/a	LTP508	ltpDelayRepFRReadOnly	4	9	15	n/a	n/a	0	n/a	0
1597.96826171875	n/a	WORD	3272639	n/a	LTP508	ltpDelayRepFRReadOnly	4	9	16	MOPED	289	1	1	0
1599.568359375	n/a	WORD_OFF	3275916	n/a	LTP508	ltpDelayRepFRReadOnly	4	9	16	n/a	n/a	0	n/a	0
1602.3681640625	n/a	WORD	3281650	n/a	LTP508	ltpDelayRepFRReadOnly	4	9	17	ROOF	50	1	2	1
1603.96826171875	n/a	WORD_OFF	3284927	n/a	LTP508	ltpDelayRepFRReadOnly	4	9	17	n/a	n/a	0	n/a	0
1621.56884765625	n/a	REC_START	3320973	n/a	LTP508	ltpDelayRepFRReadOnly	4	9	n/a	n/a	n/a	0	n/a	0
1622.52001953125	n/a	REC_WORD	3322921	n/a	LTP508	ltpDelayRepFRReadOnly	4	9	n/a	MOPED	289	0	1	1
1623.7197265625	n/a	REC_WORD	3325378	n/a	LTP508	ltpDelayRepFRReadOnly	4	9	n/a	ELBOW	48	0	2	1
1624.79052734375	n/a	REC_WORD	3327571	n/a	LTP508	ltpDelayRepFRReadOnly	4	9	n/a	CHIMPANZEE	307	0	2	1
1625.93359375	n/a	REC_WORD	3329912	n/a	LTP508	ltpDelayRepFRReadOnly	4	9	n/a	HAWK	37	0	2	1
1627.07275390625	n/a	REC_WORD	3332245	n/a	LTP508	ltpDelayRepFRReadOnly	4	9	n/a	NYLON	101	0	2	1
1628.11279296875	n/a	REC_WORD	3334375	n/a	LTP508	ltpDelayRepFRReadOnly	4	9	n/a	REFRIGERATOR	2	0	2	0
1629.53564453125	n/a	REC_WORD	3337289	n/a	LTP508	ltpDelayRepFRReadOnly	4	9	n/a	WOODS	201	0	1	1
1630.82861328125	n/a	REC_WORD	3339937	n/a	LTP508	ltpDelayRepFRReadOnly	4	9	n/a	ROOF	50	0	2	1
1645.23095703125	n/a	REC_WORD	3369433	n/a	LTP508	ltpDelayRepFRReadOnly	4	9	n/a	LOBSTER	209	0	1	1
1646.05224609375	n/a	REC_WORD	3371115	n/a	LTP508	ltpDelayRepFRReadOnly	4	9	n/a	PLIERS	234	0	2	1
1646.8759765625	n/a	REC_WORD	3372802	n/a	LTP508	ltpDelayRepFRReadOnly	4	9	n/a	TONGS	191	0	1	1
1647.55517578125	n/a	REC_WORD	3374193	n/a	LTP508	ltpDelayRepFRReadOnly	4	9	n/a	CALCULATOR	96	0	1	1
1652.0771484375	n/a	REC_END	3383454	n/a	LTP508	ltpDelayRepFRReadOnly	4	9	n/a	n/a	n/a	0	n/a	0
1652.0771484375	n/a	TRIAL_START	3383454	n/a	LTP508	ltpDelayRepFRReadOnly	4	n/a	n/a	n/a	n/a	0	n/a	0
1659.6337890625	n/a	COUNTDOWN	3398930	n/a	LTP508	ltpDelayRepFRReadOnly	4	n/a	n/a	n/a	n/a	0	n/a	0
1663.66748046875	n/a	WORD	3407191	n/a	LTP508	ltpDelayRepFRReadOnly	4	10	0	PEELER	189	1	2	0
1665.2666015625	n/a	WORD_OFF	3410466	n/a	LTP508	ltpDelayRepFRReadOnly	4	10	0	n/a	n/a	0	n/a	0
1668.0498046875	n/a	WORD	3416166	n/a	LTP508	ltpDelayRepFRReadOnly	4	10	1	SHRIMP	208	1	1	0
1669.6494140625	n/a	WORD_OFF	3419442	n/a	LTP508	ltpDelayRepFRReadOnly	4	10	1	n/a	n/a	0	n/a	0
1672.25048828125	n/a	WORD	3424769	n/a	LTP508	ltpDelayRepFRReadOnly	4	10	2	SUEDE	109	1	2	0
1673.8505859375	n/a	WORD_OFF	3428046	n/a	LTP508	ltpDelayRepFRReadOnly	4	10	2	n/a	n/a	0	n/a	0
1676.80029296875	n/a	WORD	3434087	n/a	LTP508	ltpDelayRepFRReadOnly	4	10	3	WASHER	3	1	2	0
1678.3994140625	n/a	WORD_OFF	3437362	n/a	LTP508	ltpDelayRepFRReadOnly	4	10	3	n/a	n/a	0	n/a	0
1681.01611328125	n/a	WORD	3442721	n/a	LTP508	ltpDelayRepFRReadOnly	4	10	4	STEREO	89	0	1	0
1682.6162109375	n/a	WORD_OFF	3445998	n/a	LTP508	ltpDelayRepFRReadOnly	4	10	4	n/a	n/a	0	n/a	0
1685.1171875	n/a	WORD	3451120	n/a	LTP508	ltpDelayRepFRReadOnly	4	10	5	HEAD	44	0	2	0
1686.71728515625	n/a	WORD_OFF	3454397	n/a	LTP508	ltpDelayRepFRReadOnly	4	10	5	n/a	n/a	0	n/a	0
1689.43310546875	n/a	WORD	3459959	n/a	LTP508	ltpDelayRepFRReadOnly	4	10	6	TAPE	228	0	1	0
1691.03271484375	n/a	WORD_OFF	3463235	n/a	LTP508	ltpDelayRepFRReadOnly	4	10	6	n/a	n/a	0	n/a	0
1693.9990234375	n/a	WORD	3469310	n/a	LTP508	ltpDelayRepFRReadOnly	4	10	7	OAK	255	1	2	0
1695.5986328125	n/a	WORD_OFF	3472586	n/a	LTP508	ltpDelayRepFRReadOnly	4	10	7	n/a	n/a	0	n/a	0
1698.5166015625	n/a	WORD	3478562	n/a	LTP508	ltpDelayRepFRReadOnly	4	10	8	SAW	235	0	1	0
1700.11572265625	n/a	WORD_OFF	3481837	n/a	LTP508	ltpDelayRepFRReadOnly	4	10	8	n/a	n/a	0	n/a	0
1702.66552734375	n/a	WORD	3487059	n/a	LTP508	ltpDelayRepFRReadOnly	4	10	9	FLY	159	0	2	0
1704.2666015625	n/a	WORD_OFF	3490338	n/a	LTP508	ltpDelayRepFRReadOnly	4	10	9	n/a	n/a	0	n/a	0
1707.0166015625	n/a	WORD	3495970	n/a	LTP508	ltpDelayRepFRReadOnly	4	10	10	GUITAR	171	0	1	0
1708.6162109375	n/a	WORD_OFF	3499246	n/a	LTP508	ltpDelayRepFRReadOnly	4	10	10	n/a	n/a	0	n/a	0
1711.33251953125	n/a	WORD	3504809	n/a	LTP508	ltpDelayRepFRReadOnly	4	10	11	PEELER	189	1	2	1
1712.93212890625	n/a	WORD_OFF	3508085	n/a	LTP508	ltpDelayRepFRReadOnly	4	10	11	n/a	n/a	0	n/a	0
1715.498046875	n/a	WORD	3513340	n/a	LTP508	ltpDelayRepFRReadOnly	4	10	12	PANDA	313	0	1	0
1717.09912109375	n/a	WORD_OFF	3516619	n/a	LTP508	ltpDelayRepFRReadOnly	4	10	12	n/a	n/a	0	n/a	0
1719.98193359375	n/a	WORD	3522523	n/a	LTP508	ltpDelayRepFRReadOnly	4	10	13	WASHER	3	1	2	1
1721.58203125	n/a	WORD_OFF	3525800	n/a	LTP508	ltpDelayRepFRReadOnly	4	10	13	n/a	n/a	0	n/a	0
1724.33203125	n/a	WORD	3531432	n/a	LTP508	ltpDelayRepFRReadOnly	4	10	14	SUEDE	109	1	2	1
1725.93212890625	n/a	WORD_OFF	3534709	n/a	LTP508	ltpDelayRepFRReadOnly	4	10	14	n/a	n/a	0	n/a	0
1728.71484375	n/a	WORD	3540408	n/a	LTP508	ltpDelayRepFRReadOnly	4	10	15	HEAD	44	0	2	1
1730.31494140625	n/a	WORD_OFF	3543685	n/a	LTP508	ltpDelayRepFRReadOnly	4	10	15	n/a	n/a	0	n/a	0
1733.2646484375	n/a	WORD	3549726	n/a	LTP508	ltpDelayRepFRReadOnly	4	10	16	FLY	159	0	2	1
1734.86572265625	n/a	WORD_OFF	3553005	n/a	LTP508	ltpDelayRepFRReadOnly	4	10	16	n/a	n/a	0	n/a	0
1737.83154296875	n/a	WORD	3559079	n/a	LTP508	ltpDelayRepFRReadOnly	4	10	17	OAK	255	1	2	1
1739.431640625	n/a	WORD_OFF	3562356	n/a	LTP508	ltpDelayRepFRReadOnly	4	10	17	n/a	n/a	0	n/a	0
1757.01416015625	n/a	REC_START	3598365	n/a	LTP508	ltpDelayRepFRReadOnly	4	10	n/a	n/a	n/a	0	n/a	0
1759.044921875	n/a	REC_WORD	3602524	n/a	LTP508	ltpDelayRepFRReadOnly	4	10	n/a	WASHER	3	0	2	1
1760.3681640625	n/a	REC_WORD	3605234	n/a	LTP508	ltpDelayRepFRReadOnly	4	10	n/a	OAK	255	0	2	1
1761.6337890625	n/a	REC_WORD	3607826	n/a	LTP508	ltpDelayRepFRReadOnly	4	10	n/a	PEELER	189	0	2	1
1762.68310546875	n/a	REC_WORD	3609975	n/a	LTP508	ltpDelayRepFRReadOnly	4	10	n/a	SHRIMP	208	0	1	1
1763.8740234375	n/a	REC_WORD	3612414	n/a	LTP508	ltpDelayRepFRReadOnly	4	10	n/a	SUEDE	109	0	2	1
1787.53515625	n/a	REC_END	3660872	n/a	LTP508	ltpDelayRepFRReadOnly	4	10	n/a	n/a	n/a	0	n/a	0
1787.53515625	n/a	TRIAL_START	3660872	n/a	LTP508	ltpDelayRepFRReadOnly	4	n/a	n/a	n/a	n/a	0	n/a	0
1794.9970703125	n/a	COUNTDOWN	3676154	n/a	LTP508	ltpDelayRepFRReadOnly	4	n/a	n/a	n/a	n/a	0	n/a	0
1798.89697265625	n/a	WORD	3684141	n/a	LTP508	ltpDelayRepFRReadOnly	4	11	0	BEAR	310	1	1	0
1800.4970703125	n/a	WORD_OFF	3687418	n/a	LTP508	ltpDelayRepFRReadOnly	4	11	0	n/a	n/a	0	n/a	0
1803.3466796875	n/a	WORD	3693254	n/a	LTP508	ltpDelayRepFRReadOnly	4	11	1	STRAWBERRY	137	1	1	0
1804.94677734375	n/a	WORD_OFF	3696531	n/a	LTP508	ltpDelayRepFRReadOnly	4	11	1	n/a	n/a	0	n/a	0
1807.91357421875	n/a	WORD	3702607	n/a	LTP508	ltpDelayRepFRReadOnly	4	11	2	STOVE	4	1	2	0
1809.513671875	n/a	WORD_OFF	3705884	n/a	LTP508	ltpDelayRepFRReadOnly	4	11	2	n/a	n/a	0	n/a	0
1812.4794921875	n/a	WORD	3711958	n/a	LTP508	ltpDelayRepFRReadOnly	4	11	3	FOLDER	223	1	2	0
1814.07958984375	n/a	WORD_OFF	3715235	n/a	LTP508	ltpDelayRepFRReadOnly	4	11	3	n/a	n/a	0	n/a	0
1817.013671875	n/a	WORD	3721244	n/a	LTP508	ltpDelayRepFRReadOnly	4	11	4	SEAGULL	34	1	2	0
1818.61328125	n/a	WORD_OFF	3724520	n/a	LTP508	ltpDelayRepFRReadOnly	4	11	4	n/a	n/a	0	n/a	0
1821.23046875	n/a	WORD	3729880	n/a	LTP508	ltpDelayRepFRReadOnly	4	11	5	CORKSCREW	193	1	2	0
1822.8291015625	n/a	WORD_OFF	3733154	n/a	LTP508	ltpDelayRepFRReadOnly	4	11	5	n/a	n/a	0	n/a	0
1825.39599609375	n/a	WORD	3738411	n/a	LTP508	ltpDelayRepFRReadOnly	4	11	6	TABLET	91	1	2	0
1826.99609375	n/a	WORD_OFF	3741688	n/a	LTP508	ltpDelayRepFRReadOnly	4	11	6	n/a	n/a	0	n/a	0
1829.5791015625	n/a	WORD	3746978	n/a	LTP508	ltpDelayRepFRReadOnly	4	11	7	MOUNTAIN	197	1	1	0
1831.17919921875	n/a	WORD_OFF	3750255	n/a	LTP508	ltpDelayRepFRReadOnly	4	11	7	n/a	n/a	0	n/a	0
1833.86279296875	n/a	WORD	3755751	n/a	LTP508	ltpDelayRepFRReadOnly	4	11	8	COLA	14	1	1	0
1835.4619140625	n/a	WORD_OFF	3759026	n/a	LTP508	ltpDelayRepFRReadOnly	4	11	8	n/a	n/a	0	n/a	0
1838.11279296875	n/a	WORD	3764455	n/a	LTP508	ltpDelayRepFRReadOnly	4	11	9	JELLO	85	1	2	0
1839.712890625	n/a	WORD_OFF	3767732	n/a	LTP508	ltpDelayRepFRReadOnly	4	11	9	n/a	n/a	0	n/a	0
1842.22998046875	n/a	WORD	3772887	n/a	LTP508	ltpDelayRepFRReadOnly	4	11	10	STOVE	4	1	2	1
1843.82958984375	n/a	WORD_OFF	3776163	n/a	LTP508	ltpDelayRepFRReadOnly	4	11	10	n/a	n/a	0	n/a	0
1846.4794921875	n/a	WORD	3781590	n/a	LTP508	ltpDelayRepFRReadOnly	4	11	11	SEAGULL	34	1	2	1
1848.07958984375	n/a	WORD_OFF	3784867	n/a	LTP508	ltpDelayRepFRReadOnly	4	11	11	n/a	n/a	0	n/a	0
1850.79541015625	n/a	WORD	3790429	n/a	LTP508	ltpDelayRepFRReadOnly	4	11	12	FOLDER	223	1	2	1
1852.3955078125	n/a	WORD_OFF	3793706	n/a	LTP508	ltpDelayRepFRReadOnly	4	11	12	n/a	n/a	0	n/a	0
1855.3125	n/a	WORD	3799680	n/a	LTP508	ltpDelayRepFRReadOnly	4	11	13	CORKSCREW	193	1	2	1
1856.91259765625	n/a	WORD_OFF	3802957	n/a	LTP508	ltpDelayRepFRReadOnly	4	11	13	n/a	n/a	0	n/a	0
1859.6455078125	n/a	WORD	3808554	n/a	LTP508	ltpDelayRepFRReadOnly	4	11	14	JELLO	85	1	2	1
1861.26123046875	n/a	WORD_OFF	3811863	n/a	LTP508	ltpDelayRepFRReadOnly	4	11	14	n/a	n/a	0	n/a	0
1864.12939453125	n/a	WORD	3817737	n/a	LTP508	ltpDelayRepFRReadOnly	4	11	15	TABLET	91	1	2	1
1865.744140625	n/a	WORD_OFF	3821044	n/a	LTP508	ltpDelayRepFRReadOnly	4	11	15	n/a	n/a	0	n/a	0
1868.69482421875	n/a	WORD	3827087	n/a	LTP508	ltpDelayRepFRReadOnly	4	11	16	LIGHTNING	297	1	1	0
1870.2939453125	n/a	WORD_OFF	3830362	n/a	LTP508	ltpDelayRepFRReadOnly	4	11	16	n/a	n/a	0	n/a	0
1873.2119140625	n/a	WORD	3836338	n/a	LTP508	ltpDelayRepFRReadOnly	4	11	17	CABBAGE	277	1	1	0
1874.82763671875	n/a	WORD_OFF	3839647	n/a	LTP508	ltpDelayRepFRReadOnly	4	11	17	n/a	n/a	0	n/a	0
1892.4443359375	n/a	REC_START	3875726	n/a	LTP508	ltpDelayRepFRReadOnly	4	11	n/a	n/a	n/a	0	n/a	0
1893.158203125	n/a	REC_WORD	3877188	n/a	LTP508	ltpDelayRepFRReadOnly	4	11	n/a	JELLO	85	0	2	1
1894.20556640625	n/a	REC_WORD	3879333	n/a	LTP508	ltpDelayRepFRReadOnly	4	11	n/a	CABBAGE	277	0	1	1
1895.34033203125	n/a	REC_WORD	3881657	n/a	LTP508	ltpDelayRepFRReadOnly	4	11	n/a	COLA	14	0	1	1
1896.55126953125	n/a	REC_WORD	3884137	n/a	LTP508	ltpDelayRepFRReadOnly	4	11	n/a	BEAR	310	0	1	1
1897.55908203125	n/a	REC_WORD	3886201	n/a	LTP508	ltpDelayRepFRReadOnly	4	11	n/a	STRAWBERRY	137	0	1	1
1898.68212890625	n/a	REC_WORD	3888501	n/a	LTP508	ltpDelayRepFRReadOnly	4	11	n/a	STOVE	4	0	2	1
1899.92236328125	n/a	REC_WORD	3891041	n/a	LTP508	ltpDelayRepFRReadOnly	4	11	n/a	FOLDER	223	0	2	1
1901.1142578125	n/a	REC_WORD	3893482	n/a	LTP508	ltpDelayRepFRReadOnly	4	11	n/a	MOUNTAIN	197	0	1	1
1902.2109375	n/a	REC_WORD	3895728	n/a	LTP508	ltpDelayRepFRReadOnly	4	11	n/a	LIGHTNING	297	0	1	1
1903.27099609375	n/a	REC_WORD	3897899	n/a	LTP508	ltpDelayRepFRReadOnly	4	11	n/a	SEAGULL	34	0	2	1
1904.46484375	n/a	REC_WORD	3900344	n/a	LTP508	ltpDelayRepFRReadOnly	4	11	n/a	CORKSCREW	193	0	2	1
1905.64990234375	n/a	REC_WORD	3902771	n/a	LTP508	ltpDelayRepFRReadOnly	4	11	n/a	TABLET	91	0	2	1
1922.94873046875	n/a	REC_END	3938199	n/a	LTP508	ltpDelayRepFRReadOnly	4	11	n/a	n/a	n/a	0	n/a	0
1922.94873046875	n/a	TRIAL_START	3938199	n/a	LTP508	ltpDelayRepFRReadOnly	4	n/a	n/a	n/a	n/a	0	n/a	0
1930.3935546875	n/a	COUNTDOWN	3953446	n/a	LTP508	ltpDelayRepFRReadOnly	4	n/a	n/a	n/a	n/a	0	n/a	0
1934.29345703125	n/a	WORD	3961433	n/a	LTP508	ltpDelayRepFRReadOnly	4	12	0	LEMON	144	1	2	0
1935.89306640625	n/a	WORD_OFF	3964709	n/a	LTP508	ltpDelayRepFRReadOnly	4	12	0	n/a	n/a	0	n/a	0
1938.72705078125	n/a	WORD	3970513	n/a	LTP508	ltpDelayRepFRReadOnly	4	12	1	BEER	22	1	1	0
1940.3271484375	n/a	WORD_OFF	3973790	n/a	LTP508	ltpDelayRepFRReadOnly	4	12	1	n/a	n/a	0	n/a	0
1942.9599609375	n/a	WORD	3979182	n/a	LTP508	ltpDelayRepFRReadOnly	4	12	2	BALL	243	1	2	0
1944.56005859375	n/a	WORD_OFF	3982459	n/a	LTP508	ltpDelayRepFRReadOnly	4	12	2	n/a	n/a	0	n/a	0
1947.52587890625	n/a	WORD	3988533	n/a	LTP508	ltpDelayRepFRReadOnly	4	12	3	CARNATION	126	1	2	0
1949.142578125	n/a	WORD_OFF	3991844	n/a	LTP508	ltpDelayRepFRReadOnly	4	12	3	n/a	n/a	0	n/a	0
1951.8427734375	n/a	WORD	3997374	n/a	LTP508	ltpDelayRepFRReadOnly	4	12	4	DRESS	73	1	2	0
1953.44287109375	n/a	WORD_OFF	4000651	n/a	LTP508	ltpDelayRepFRReadOnly	4	12	4	n/a	n/a	0	n/a	0
1956.1435546875	n/a	WORD	4006182	n/a	LTP508	ltpDelayRepFRReadOnly	4	12	5	BATHROOM	60	1	2	0
1957.74365234375	n/a	WORD_OFF	4009459	n/a	LTP508	ltpDelayRepFRReadOnly	4	12	5	n/a	n/a	0	n/a	0
1960.65869140625	n/a	WORD	4015429	n/a	LTP508	ltpDelayRepFRReadOnly	4	12	6	THUNDER	299	1	2	0
1962.25927734375	n/a	WORD_OFF	4018707	n/a	LTP508	ltpDelayRepFRReadOnly	4	12	6	n/a	n/a	0	n/a	0
1965.025390625	n/a	WORD	4024372	n/a	LTP508	ltpDelayRepFRReadOnly	4	12	7	LEMON	144	1	2	1
1966.62646484375	n/a	WORD_OFF	4027651	n/a	LTP508	ltpDelayRepFRReadOnly	4	12	7	n/a	n/a	0	n/a	0
1969.37646484375	n/a	WORD	4033283	n/a	LTP508	ltpDelayRepFRReadOnly	4	12	8	CARNATION	126	1	2	1
1970.97607421875	n/a	WORD_OFF	4036559	n/a	LTP508	ltpDelayRepFRReadOnly	4	12	8	n/a	n/a	0	n/a	0
1973.60791015625	n/a	WORD	4041949	n/a	LTP508	ltpDelayRepFRReadOnly	4	12	9	CARDINAL	29	1	1	0
1975.208984375	n/a	WORD_OFF	4045228	n/a	LTP508	ltpDelayRepFRReadOnly	4	12	9	n/a	n/a	0	n/a	0
1977.89208984375	n/a	WORD	4050723	n/a	LTP508	ltpDelayRepFRReadOnly	4	12	10	BOAT	287	1	1	0
1979.4921875	n/a	WORD_OFF	4054000	n/a	LTP508	ltpDelayRepFRReadOnly	4	12	10	n/a	n/a	0	n/a	0
1982.24267578125	n/a	WORD	4059633	n/a	LTP508	ltpDelayRepFRReadOnly	4	12	11	BALL	243	1	2	1
1983.841796875	n/a	WORD_OFF	4062908	n/a	LTP508	ltpDelayRepFRReadOnly	4	12	11	n/a	n/a	0	n/a	0
1986.509765625	n/a	WORD	4068372	n/a	LTP508	ltpDelayRepFRReadOnly	4	12	12	HORSE	116	1	1	0
1988.10791015625	n/a	WORD_OFF	4071645	n/a	LTP508	ltpDelayRepFRReadOnly	4	12	12	n/a	n/a	0	n/a	0
1990.77587890625	n/a	WORD	4077109	n/a	LTP508	ltpDelayRepFRReadOnly	4	12	13	DRESS	73	1	2	1
1992.37548828125	n/a	WORD_OFF	4080385	n/a	LTP508	ltpDelayRepFRReadOnly	4	12	13	n/a	n/a	0	n/a	0
1994.95947265625	n/a	WORD	4085677	n/a	LTP508	ltpDelayRepFRReadOnly	4	12	14	BATHROOM	60	1	2	1
1996.55859375	n/a	WORD_OFF	4088952	n/a	LTP508	ltpDelayRepFRReadOnly	4	12	14	n/a	n/a	0	n/a	0
1999.30859375	n/a	WORD	4094584	n/a	LTP508	ltpDelayRepFRReadOnly	4	12	15	PASTRY	82	1	1	0
2000.9072265625	n/a	WORD_OFF	4097858	n/a	LTP508	ltpDelayRepFRReadOnly	4	12	15	n/a	n/a	0	n/a	0
2003.658203125	n/a	WORD	4103492	n/a	LTP508	ltpDelayRepFRReadOnly	4	12	16	CHEETAH	312	1	1	0
2005.25830078125	n/a	WORD_OFF	4106769	n/a	LTP508	ltpDelayRepFRReadOnly	4	12	16	n/a	n/a	0	n/a	0
2008.109375	n/a	WORD	4112608	n/a	LTP508	ltpDelayRepFRReadOnly	4	12	17	THUNDER	299	1	2	1
2009.7080078125	n/a	WORD_OFF	4115882	n/a	LTP508	ltpDelayRepFRReadOnly	4	12	17	n/a	n/a	0	n/a	0
2027.54052734375	n/a	REC_START	4152403	n/a	LTP508	ltpDelayRepFRReadOnly	4	12	n/a	n/a	n/a	0	n/a	0
2029.03369140625	n/a	REC_WORD	4155461	n/a	LTP508	ltpDelayRepFRReadOnly	4	12	n/a	THUNDER	299	0	2	1
2030.04541015625	n/a	REC_WORD	4157533	n/a	LTP508	ltpDelayRepFRReadOnly	4	12	n/a	CARNATION	126	0	2	1
2031.46240234375	n/a	REC_WORD	4160435	n/a	LTP508	ltpDelayRepFRReadOnly	4	12	n/a	CHEETAH	312	0	1	1
2032.4326171875	n/a	REC_WORD	4162422	n/a	LTP508	ltpDelayRepFRReadOnly	4	12	n/a	DRESS	73	0	2	1
2033.4365234375	n/a	REC_WORD	4164478	n/a	LTP508	ltpDelayRepFRReadOnly	4	12	n/a	BALL	243	0	2	1
2034.32958984375	n/a	REC_WORD	4166307	n/a	LTP508	ltpDelayRepFRReadOnly	4	12	n/a	BATHROOM	60	0	2	1
2035.16455078125	n/a	REC_WORD	4168017	n/a	LTP508	ltpDelayRepFRReadOnly	4	12	n/a	LEMON	144	0	2	1
2036.00341796875	n/a	REC_WORD	4169735	n/a	LTP508	ltpDelayRepFRReadOnly	4	12	n/a	PASTRY	82	0	1	1
2037.69140625	n/a	REC_WORD	4173192	n/a	LTP508	ltpDelayRepFRReadOnly	4	12	n/a	BEER	22	0	1	1
2039.1513671875	n/a	REC_WORD	4176182	n/a	LTP508	ltpDelayRepFRReadOnly	4	12	n/a	HORSE	116	0	1	1
2040.1123046875	n/a	REC_WORD	4178150	n/a	LTP508	ltpDelayRepFRReadOnly	4	12	n/a	BOAT	287	0	1	1
2040.96435546875	n/a	REC_WORD	4179895	n/a	LTP508	ltpDelayRepFRReadOnly	4	12	n/a	CARDINAL	29	0	1	1
2058.0458984375	n/a	TRIAL_START	4214878	n/a	LTP508	ltpDelayRepFRReadOnly	4	n/a	n/a	n/a	n/a	0	n/a	0
2058.0458984375	n/a	REC_END	4214878	n/a	LTP508	ltpDelayRepFRReadOnly	4	12	n/a	n/a	n/a	0	n/a	0
2065.5068359375	n/a	COUNTDOWN	4230158	n/a	LTP508	ltpDelayRepFRReadOnly	4	n/a	n/a	n/a	n/a	0	n/a	0
2069.49072265625	n/a	WORD	4238317	n/a	LTP508	ltpDelayRepFRReadOnly	4	13	0	BLUEBERRY	141	1	2	0
2071.09033203125	n/a	WORD_OFF	4241593	n/a	LTP508	ltpDelayRepFRReadOnly	4	13	0	n/a	n/a	0	n/a	0
2073.90625	n/a	WORD	4247360	n/a	LTP508	ltpDelayRepFRReadOnly	4	13	1	BARBIE	245	1	2	0
2075.50732421875	n/a	WORD_OFF	4250639	n/a	LTP508	ltpDelayRepFRReadOnly	4	13	1	n/a	n/a	0	n/a	0
2078.05615234375	n/a	WORD	4255859	n/a	LTP508	ltpDelayRepFRReadOnly	4	13	2	STAPLER	225	1	2	0
2079.65625	n/a	WORD_OFF	4259136	n/a	LTP508	ltpDelayRepFRReadOnly	4	13	2	n/a	n/a	0	n/a	0
2082.58935546875	n/a	WORD	4265143	n/a	LTP508	ltpDelayRepFRReadOnly	4	13	3	DRILL	233	1	2	0
2084.18994140625	n/a	WORD_OFF	4268421	n/a	LTP508	ltpDelayRepFRReadOnly	4	13	3	n/a	n/a	0	n/a	0
2086.72216796875	n/a	WORD	4273607	n/a	LTP508	ltpDelayRepFRReadOnly	4	13	4	MOUSSE	84	1	2	0
2088.32275390625	n/a	WORD_OFF	4276885	n/a	LTP508	ltpDelayRepFRReadOnly	4	13	4	n/a	n/a	0	n/a	0
2091.1220703125	n/a	WORD	4282618	n/a	LTP508	ltpDelayRepFRReadOnly	4	13	5	FLUTE	174	1	1	0
2092.72265625	n/a	WORD_OFF	4285896	n/a	LTP508	ltpDelayRepFRReadOnly	4	13	5	n/a	n/a	0	n/a	0
2095.638671875	n/a	WORD	4291868	n/a	LTP508	ltpDelayRepFRReadOnly	4	13	6	TURTLE	215	1	2	0
2097.23876953125	n/a	WORD_OFF	4295145	n/a	LTP508	ltpDelayRepFRReadOnly	4	13	6	n/a	n/a	0	n/a	0
2100.12255859375	n/a	WORD	4301051	n/a	LTP508	ltpDelayRepFRReadOnly	4	13	7	SHOES	72	1	1	0
2101.7216796875	n/a	WORD_OFF	4304326	n/a	LTP508	ltpDelayRepFRReadOnly	4	13	7	n/a	n/a	0	n/a	0
2104.28955078125	n/a	WORD	4309585	n/a	LTP508	ltpDelayRepFRReadOnly	4	13	8	MONKEY	302	1	1	0
2105.8896484375	n/a	WORD_OFF	4312862	n/a	LTP508	ltpDelayRepFRReadOnly	4	13	8	n/a	n/a	0	n/a	0
2108.689453125	n/a	WORD	4318596	n/a	LTP508	ltpDelayRepFRReadOnly	4	13	9	BARBIE	245	1	2	1
2110.28857421875	n/a	WORD_OFF	4321871	n/a	LTP508	ltpDelayRepFRReadOnly	4	13	9	n/a	n/a	0	n/a	0
2113.10546875	n/a	WORD	4327640	n/a	LTP508	ltpDelayRepFRReadOnly	4	13	10	BLUEBERRY	141	1	2	1
2114.72216796875	n/a	WORD_OFF	4330951	n/a	LTP508	ltpDelayRepFRReadOnly	4	13	10	n/a	n/a	0	n/a	0
2117.7060546875	n/a	WORD	4337062	n/a	LTP508	ltpDelayRepFRReadOnly	4	13	11	LILAC	132	1	1	0
2119.3232421875	n/a	WORD_OFF	4340374	n/a	LTP508	ltpDelayRepFRReadOnly	4	13	11	n/a	n/a	0	n/a	0
2122.0888671875	n/a	WORD	4346038	n/a	LTP508	ltpDelayRepFRReadOnly	4	13	12	STAPLER	225	1	2	1
2123.68896484375	n/a	WORD_OFF	4349315	n/a	LTP508	ltpDelayRepFRReadOnly	4	13	12	n/a	n/a	0	n/a	0
2126.5546875	n/a	WORD	4355184	n/a	LTP508	ltpDelayRepFRReadOnly	4	13	13	SHELF	156	1	1	0
2128.15478515625	n/a	WORD_OFF	4358461	n/a	LTP508	ltpDelayRepFRReadOnly	4	13	13	n/a	n/a	0	n/a	0
2130.98876953125	n/a	WORD	4364265	n/a	LTP508	ltpDelayRepFRReadOnly	4	13	14	FOOT	38	1	1	0
2132.587890625	n/a	WORD_OFF	4367540	n/a	LTP508	ltpDelayRepFRReadOnly	4	13	14	n/a	n/a	0	n/a	0
2135.5048828125	n/a	WORD	4373514	n/a	LTP508	ltpDelayRepFRReadOnly	4	13	15	DRILL	233	1	2	1
2137.10546875	n/a	WORD_OFF	4376792	n/a	LTP508	ltpDelayRepFRReadOnly	4	13	15	n/a	n/a	0	n/a	0
2139.85546875	n/a	WORD	4382424	n/a	LTP508	ltpDelayRepFRReadOnly	4	13	16	MOUSSE	84	1	2	1
2141.45458984375	n/a	WORD_OFF	4385699	n/a	LTP508	ltpDelayRepFRReadOnly	4	13	16	n/a	n/a	0	n/a	0
2144.38720703125	n/a	WORD	4391705	n/a	LTP508	ltpDelayRepFRReadOnly	4	13	17	TURTLE	215	1	2	1
2145.98828125	n/a	WORD_OFF	4394984	n/a	LTP508	ltpDelayRepFRReadOnly	4	13	17	n/a	n/a	0	n/a	0
2163.8720703125	n/a	REC_START	4431610	n/a	LTP508	ltpDelayRepFRReadOnly	4	13	n/a	n/a	n/a	0	n/a	0
2164.5390625	n/a	REC_WORD	4432976	n/a	LTP508	ltpDelayRepFRReadOnly	4	13	n/a	FOOT	38	0	1	1
2165.68896484375	n/a	REC_WORD	4435331	n/a	LTP508	ltpDelayRepFRReadOnly	4	13	n/a	BLUEBERRY	141	0	2	1
2166.56103515625	n/a	REC_WORD	4437117	n/a	LTP508	ltpDelayRepFRReadOnly	4	13	n/a	MOUSSE	84	0	2	1
2167.673828125	n/a	REC_WORD	4439396	n/a	LTP508	ltpDelayRepFRReadOnly	4	13	n/a	TURTLE	215	0	2	1
2168.478515625	n/a	REC_WORD	4441044	n/a	LTP508	ltpDelayRepFRReadOnly	4	13	n/a	FLUTE	174	0	1	1
2169.591796875	n/a	REC_WORD	4443324	n/a	LTP508	ltpDelayRepFRReadOnly	4	13	n/a	SHOES	72	0	1	1
2171.1875	n/a	REC_WORD	4446592	n/a	LTP508	ltpDelayRepFRReadOnly	4	13	n/a	MONKEY	302	0	1	1
2173.8876953125	n/a	REC_WORD	4452122	n/a	LTP508	ltpDelayRepFRReadOnly	4	13	n/a	BARBIE	245	0	2	1
2174.7578125	n/a	REC_WORD	4453904	n/a	LTP508	ltpDelayRepFRReadOnly	4	13	n/a	SHELF	156	0	1	1
2175.87744140625	n/a	REC_WORD	4456197	n/a	LTP508	ltpDelayRepFRReadOnly	4	13	n/a	DRILL	233	0	2	1
2176.7314453125	n/a	REC_WORD	4457946	n/a	LTP508	ltpDelayRepFRReadOnly	4	13	n/a	STAPLER	225	0	2	1
2178.94140625	n/a	REC_WORD	4462472	n/a	LTP508	ltpDelayRepFRReadOnly	4	13	n/a	LILAC	132	0	1	1
2194.3759765625	n/a	REC_END	4494082	n/a	LTP508	ltpDelayRepFRReadOnly	4	13	n/a	n/a	n/a	0	n/a	0
2194.3759765625	n/a	TRIAL_START	4494082	n/a	LTP508	ltpDelayRepFRReadOnly	4	n/a	n/a	n/a	n/a	0	n/a	0
2194.38720703125	n/a	BREAK_START	4494105	n/a	LTP508	ltpDelayRepFRReadOnly	4	n/a	n/a	n/a	n/a	0	n/a	0
2195.38720703125	n/a	BREAK_STOP	4496153	n/a	LTP508	ltpDelayRepFRReadOnly	4	n/a	n/a	n/a	n/a	0	n/a	0
2249.61865234375	n/a	COUNTDOWN	4607219	n/a	LTP508	ltpDelayRepFRReadOnly	4	n/a	n/a	n/a	n/a	0	n/a	0
2253.61962890625	n/a	WORD	4615413	n/a	LTP508	ltpDelayRepFRReadOnly	4	14	0	ERASER	222	1	2	0
2255.2353515625	n/a	WORD_OFF	4618722	n/a	LTP508	ltpDelayRepFRReadOnly	4	14	0	n/a	n/a	0	n/a	0
2257.984375	n/a	WORD	4624352	n/a	LTP508	ltpDelayRepFRReadOnly	4	14	1	BEETLE	162	1	2	0
2259.58447265625	n/a	WORD_OFF	4627629	n/a	LTP508	ltpDelayRepFRReadOnly	4	14	1	n/a	n/a	0	n/a	0
2262.10205078125	n/a	WORD	4632785	n/a	LTP508	ltpDelayRepFRReadOnly	4	14	2	FOG	298	1	1	0
2263.701171875	n/a	WORD_OFF	4636060	n/a	LTP508	ltpDelayRepFRReadOnly	4	14	2	n/a	n/a	0	n/a	0
2266.583984375	n/a	WORD	4641964	n/a	LTP508	ltpDelayRepFRReadOnly	4	14	3	CROWBAR	240	1	2	0
2268.18408203125	n/a	WORD_OFF	4645241	n/a	LTP508	ltpDelayRepFRReadOnly	4	14	3	n/a	n/a	0	n/a	0
2270.98583984375	n/a	WORD	4650979	n/a	LTP508	ltpDelayRepFRReadOnly	4	14	4	JEANS	64	1	1	0
2272.583984375	n/a	WORD_OFF	4654252	n/a	LTP508	ltpDelayRepFRReadOnly	4	14	4	n/a	n/a	0	n/a	0
2275.53466796875	n/a	WORD	4660295	n/a	LTP508	ltpDelayRepFRReadOnly	4	14	5	DOLL	242	1	2	0
2277.1337890625	n/a	WORD_OFF	4663570	n/a	LTP508	ltpDelayRepFRReadOnly	4	14	5	n/a	n/a	0	n/a	0
2280.1357421875	n/a	WORD	4669718	n/a	LTP508	ltpDelayRepFRReadOnly	4	14	6	STAIRS	59	1	2	0
2281.73486328125	n/a	WORD_OFF	4672993	n/a	LTP508	ltpDelayRepFRReadOnly	4	14	6	n/a	n/a	0	n/a	0
2284.6357421875	n/a	WORD	4678934	n/a	LTP508	ltpDelayRepFRReadOnly	4	14	7	SPARROW	27	1	1	0
2286.234375	n/a	WORD_OFF	4682208	n/a	LTP508	ltpDelayRepFRReadOnly	4	14	7	n/a	n/a	0	n/a	0
2289.08544921875	n/a	WORD	4688047	n/a	LTP508	ltpDelayRepFRReadOnly	4	14	8	EYE	46	1	2	0
2290.685546875	n/a	WORD_OFF	4691324	n/a	LTP508	ltpDelayRepFRReadOnly	4	14	8	n/a	n/a	0	n/a	0
2293.685546875	n/a	WORD	4697468	n/a	LTP508	ltpDelayRepFRReadOnly	4	14	9	ERASER	222	1	2	1
2295.283203125	n/a	WORD_OFF	4700740	n/a	LTP508	ltpDelayRepFRReadOnly	4	14	9	n/a	n/a	0	n/a	0
2297.88525390625	n/a	WORD	4706069	n/a	LTP508	ltpDelayRepFRReadOnly	4	14	10	BEETLE	162	1	2	1
2299.484375	n/a	WORD_OFF	4709344	n/a	LTP508	ltpDelayRepFRReadOnly	4	14	10	n/a	n/a	0	n/a	0
2302.16796875	n/a	WORD	4714840	n/a	LTP508	ltpDelayRepFRReadOnly	4	14	11	DOLL	242	1	2	1
2303.76708984375	n/a	WORD_OFF	4718115	n/a	LTP508	ltpDelayRepFRReadOnly	4	14	11	n/a	n/a	0	n/a	0
2306.7509765625	n/a	WORD	4724226	n/a	LTP508	ltpDelayRepFRReadOnly	4	14	12	CIDER	23	1	1	0
2308.35107421875	n/a	WORD_OFF	4727503	n/a	LTP508	ltpDelayRepFRReadOnly	4	14	12	n/a	n/a	0	n/a	0
2310.884765625	n/a	WORD	4732692	n/a	LTP508	ltpDelayRepFRReadOnly	4	14	13	CROWBAR	240	1	2	1
2312.48486328125	n/a	WORD_OFF	4735969	n/a	LTP508	ltpDelayRepFRReadOnly	4	14	13	n/a	n/a	0	n/a	0
2315.1337890625	n/a	WORD	4741394	n/a	LTP508	ltpDelayRepFRReadOnly	4	14	14	BEACH	204	1	1	0
2316.73388671875	n/a	WORD_OFF	4744671	n/a	LTP508	ltpDelayRepFRReadOnly	4	14	14	n/a	n/a	0	n/a	0
2319.484375	n/a	WORD	4750304	n/a	LTP508	ltpDelayRepFRReadOnly	4	14	15	STAIRS	59	1	2	1
2321.08349609375	n/a	WORD_OFF	4753579	n/a	LTP508	ltpDelayRepFRReadOnly	4	14	15	n/a	n/a	0	n/a	0
2323.900390625	n/a	WORD	4759348	n/a	LTP508	ltpDelayRepFRReadOnly	4	14	16	EYE	46	1	2	1
2325.50048828125	n/a	WORD_OFF	4762625	n/a	LTP508	ltpDelayRepFRReadOnly	4	14	16	n/a	n/a	0	n/a	0
2328.484375	n/a	WORD	4768736	n/a	LTP508	ltpDelayRepFRReadOnly	4	14	17	ROSE	123	1	1	0
2330.08447265625	n/a	WORD_OFF	4772013	n/a	LTP508	ltpDelayRepFRReadOnly	4	14	17	n/a	n/a	0	n/a	0
2348.0	n/a	REC_START	4808704	n/a	LTP508	ltpDelayRepFRReadOnly	4	14	n/a	n/a	n/a	0	n/a	0
2348.69189453125	n/a	REC_WORD	4810121	n/a	LTP508	ltpDelayRepFRReadOnly	4	14	n/a	EYE	46	0	2	1
2349.3759765625	n/a	REC_WORD	4811522	n/a	LTP508	ltpDelayRepFRReadOnly	4	14	n/a	SPARROW	27	0	1	1
2350.63671875	n/a	REC_WORD	4814104	n/a	LTP508	ltpDelayRepFRReadOnly	4	14	n/a	DOLL	242	0	2	1
2351.4287109375	n/a	REC_WORD	4815726	n/a	LTP508	ltpDelayRepFRReadOnly	4	14	n/a	STAIRS	59	0	2	1
2352.75048828125	n/a	REC_WORD	4818433	n/a	LTP508	ltpDelayRepFRReadOnly	4	14	n/a	BEETLE	162	0	2	1
2353.5244140625	n/a	REC_WORD	4820018	n/a	LTP508	ltpDelayRepFRReadOnly	4	14	n/a	ERASER	222	0	2	1
2354.560546875	n/a	REC_WORD	4822140	n/a	LTP508	ltpDelayRepFRReadOnly	4	14	n/a	CROWBAR	240	0	2	1
2355.40673828125	n/a	REC_WORD	4823873	n/a	LTP508	ltpDelayRepFRReadOnly	4	14	n/a	JEANS	64	0	1	1
2356.62939453125	n/a	REC_WORD	4826377	n/a	LTP508	ltpDelayRepFRReadOnly	4	14	n/a	CIDER	23	0	1	1
2357.64453125	n/a	REC_WORD	4828456	n/a	LTP508	ltpDelayRepFRReadOnly	4	14	n/a	ROSE	123	0	1	1
2358.79248046875	n/a	REC_WORD	4830807	n/a	LTP508	ltpDelayRepFRReadOnly	4	14	n/a	BEACH	204	0	1	1
2359.57568359375	n/a	REC_WORD	4832411	n/a	LTP508	ltpDelayRepFRReadOnly	4	14	n/a	FOG	298	0	1	1
2378.50390625	n/a	REC_END	4871176	n/a	LTP508	ltpDelayRepFRReadOnly	4	14	n/a	n/a	n/a	0	n/a	0
2378.50390625	n/a	TRIAL_START	4871176	n/a	LTP508	ltpDelayRepFRReadOnly	4	n/a	n/a	n/a	n/a	0	n/a	0
2385.9326171875	n/a	COUNTDOWN	4886390	n/a	LTP508	ltpDelayRepFRReadOnly	4	n/a	n/a	n/a	n/a	0	n/a	0
2389.8828125	n/a	WORD	4894480	n/a	LTP508	ltpDelayRepFRReadOnly	4	15	0	SPATULA	184	1	2	0
2391.482421875	n/a	WORD_OFF	4897756	n/a	LTP508	ltpDelayRepFRReadOnly	4	15	0	n/a	n/a	0	n/a	0
2394.13232421875	n/a	WORD	4903183	n/a	LTP508	ltpDelayRepFRReadOnly	4	15	1	ORGAN	181	1	2	0
2395.7314453125	n/a	WORD_OFF	4906458	n/a	LTP508	ltpDelayRepFRReadOnly	4	15	1	n/a	n/a	0	n/a	0
2398.5322265625	n/a	WORD	4912194	n/a	LTP508	ltpDelayRepFRReadOnly	4	15	2	SANDER	238	1	2	0
2400.13134765625	n/a	WORD_OFF	4915469	n/a	LTP508	ltpDelayRepFRReadOnly	4	15	2	n/a	n/a	0	n/a	0
2402.9482421875	n/a	WORD	4921238	n/a	LTP508	ltpDelayRepFRReadOnly	4	15	3	CUPCAKE	77	1	2	0
2404.54931640625	n/a	WORD_OFF	4924517	n/a	LTP508	ltpDelayRepFRReadOnly	4	15	3	n/a	n/a	0	n/a	0
2407.4150390625	n/a	WORD	4930386	n/a	LTP508	ltpDelayRepFRReadOnly	4	15	4	FOUNDATION	57	1	2	0
2409.01513671875	n/a	WORD_OFF	4933663	n/a	LTP508	ltpDelayRepFRReadOnly	4	15	4	n/a	n/a	0	n/a	0
2411.96484375	n/a	WORD	4939704	n/a	LTP508	ltpDelayRepFRReadOnly	4	15	5	CEDAR	262	1	1	0
2413.56396484375	n/a	WORD_OFF	4942979	n/a	LTP508	ltpDelayRepFRReadOnly	4	15	5	n/a	n/a	0	n/a	0
2416.4970703125	n/a	WORD	4948986	n/a	LTP508	ltpDelayRepFRReadOnly	4	15	6	ARM	41	1	1	0
2418.0986328125	n/a	WORD_OFF	4952266	n/a	LTP508	ltpDelayRepFRReadOnly	4	15	6	n/a	n/a	0	n/a	0
2420.73193359375	n/a	WORD	4957659	n/a	LTP508	ltpDelayRepFRReadOnly	4	15	7	CRAB	210	1	2	0
2422.33056640625	n/a	WORD_OFF	4960933	n/a	LTP508	ltpDelayRepFRReadOnly	4	15	7	n/a	n/a	0	n/a	0
2425.23046875	n/a	WORD	4966872	n/a	LTP508	ltpDelayRepFRReadOnly	4	15	8	ORGAN	181	1	2	1
2426.83056640625	n/a	WORD_OFF	4970149	n/a	LTP508	ltpDelayRepFRReadOnly	4	15	8	n/a	n/a	0	n/a	0
2429.7314453125	n/a	WORD	4976090	n/a	LTP508	ltpDelayRepFRReadOnly	4	15	9	MARBLES	251	1	1	0
2431.33154296875	n/a	WORD_OFF	4979367	n/a	LTP508	ltpDelayRepFRReadOnly	4	15	9	n/a	n/a	0	n/a	0
2434.16455078125	n/a	WORD	4985169	n/a	LTP508	ltpDelayRepFRReadOnly	4	15	10	SILK	99	1	1	0
2435.76416015625	n/a	WORD_OFF	4988445	n/a	LTP508	ltpDelayRepFRReadOnly	4	15	10	n/a	n/a	0	n/a	0
2438.4970703125	n/a	WORD	4994042	n/a	LTP508	ltpDelayRepFRReadOnly	4	15	11	SPATULA	184	1	2	1
2440.09716796875	n/a	WORD_OFF	4997319	n/a	LTP508	ltpDelayRepFRReadOnly	4	15	11	n/a	n/a	0	n/a	0
2442.9482421875	n/a	WORD	5003158	n/a	LTP508	ltpDelayRepFRReadOnly	4	15	12	SANDER	238	1	2	1
2444.54736328125	n/a	WORD_OFF	5006433	n/a	LTP508	ltpDelayRepFRReadOnly	4	15	12	n/a	n/a	0	n/a	0
2447.3642578125	n/a	WORD	5012202	n/a	LTP508	ltpDelayRepFRReadOnly	4	15	13	BINDER	224	1	1	0
2448.9638671875	n/a	WORD_OFF	5015478	n/a	LTP508	ltpDelayRepFRReadOnly	4	15	13	n/a	n/a	0	n/a	0
2451.84814453125	n/a	WORD	5021385	n/a	LTP508	ltpDelayRepFRReadOnly	4	15	14	CUPCAKE	77	1	2	1
2453.44677734375	n/a	WORD_OFF	5024659	n/a	LTP508	ltpDelayRepFRReadOnly	4	15	14	n/a	n/a	0	n/a	0
2456.02978515625	n/a	WORD	5029949	n/a	LTP508	ltpDelayRepFRReadOnly	4	15	15	CRAB	210	1	2	1
2457.630859375	n/a	WORD_OFF	5033228	n/a	LTP508	ltpDelayRepFRReadOnly	4	15	15	n/a	n/a	0	n/a	0
2460.19677734375	n/a	WORD	5038483	n/a	LTP508	ltpDelayRepFRReadOnly	4	15	16	FOUNDATION	57	1	2	1
2461.796875	n/a	WORD_OFF	5041760	n/a	LTP508	ltpDelayRepFRReadOnly	4	15	16	n/a	n/a	0	n/a	0
2464.46337890625	n/a	WORD	5047221	n/a	LTP508	ltpDelayRepFRReadOnly	4	15	17	BUS	281	1	1	0
2466.0634765625	n/a	WORD_OFF	5050498	n/a	LTP508	ltpDelayRepFRReadOnly	4	15	17	n/a	n/a	0	n/a	0
2484.01318359375	n/a	REC_START	5087259	n/a	LTP508	ltpDelayRepFRReadOnly	4	15	n/a	n/a	n/a	0	n/a	0
2484.90478515625	n/a	REC_WORD	5089085	n/a	LTP508	ltpDelayRepFRReadOnly	4	15	n/a	BUS	281	0	1	1
2485.51513671875	n/a	REC_WORD	5090335	n/a	LTP508	ltpDelayRepFRReadOnly	4	15	n/a	FOUNDATION	57	0	2	1
2486.51513671875	n/a	REC_WORD_VV	5092383	n/a	LTP508	ltpDelayRepFRReadOnly	4	15	n/a	<>	-1	0	n/a	0
2486.6298828125	n/a	REC_WORD	5092618	n/a	LTP508	ltpDelayRepFRReadOnly	4	15	n/a	CEDAR	262	0	1	1
2487.8408203125	n/a	REC_WORD	5095098	n/a	LTP508	ltpDelayRepFRReadOnly	4	15	n/a	CRAB	210	0	2	1
2488.875	n/a	REC_WORD	5097216	n/a	LTP508	ltpDelayRepFRReadOnly	4	15	n/a	ARM	41	0	1	1
2489.755859375	n/a	REC_WORD	5099020	n/a	LTP508	ltpDelayRepFRReadOnly	4	15	n/a	MARBLES	251	0	1	1
2490.7509765625	n/a	REC_WORD	5101058	n/a	LTP508	ltpDelayRepFRReadOnly	4	15	n/a	SILK	99	0	1	1
2494.2158203125	n/a	REC_WORD	5108154	n/a	LTP508	ltpDelayRepFRReadOnly	4	15	n/a	BINDER	224	0	1	1
2495.10693359375	n/a	REC_WORD	5109979	n/a	LTP508	ltpDelayRepFRReadOnly	4	15	n/a	CUPCAKE	77	0	2	1
2496.57958984375	n/a	REC_WORD	5112995	n/a	LTP508	ltpDelayRepFRReadOnly	4	15	n/a	ORGAN	181	0	2	1
2499.07861328125	n/a	REC_WORD	5118113	n/a	LTP508	ltpDelayRepFRReadOnly	4	15	n/a	SPATULA	184	0	2	1
2500.2734375	n/a	REC_WORD	5120560	n/a	LTP508	ltpDelayRepFRReadOnly	4	15	n/a	SANDER	238	0	2	1
2514.51806640625	n/a	REC_END	5149733	n/a	LTP508	ltpDelayRepFRReadOnly	4	15	n/a	n/a	n/a	0	n/a	0
2514.51806640625	n/a	TRIAL_START	5149733	n/a	LTP508	ltpDelayRepFRReadOnly	4	n/a	n/a	n/a	n/a	0	n/a	0
2521.94580078125	n/a	COUNTDOWN	5164945	n/a	LTP508	ltpDelayRepFRReadOnly	4	n/a	n/a	n/a	n/a	0	n/a	0
2525.9619140625	n/a	WORD	5173170	n/a	LTP508	ltpDelayRepFRReadOnly	4	16	0	LINEN	106	1	2	0
2527.56201171875	n/a	WORD_OFF	5176447	n/a	LTP508	ltpDelayRepFRReadOnly	4	16	0	n/a	n/a	0	n/a	0
2530.544921875	n/a	WORD	5182556	n/a	LTP508	ltpDelayRepFRReadOnly	4	16	1	DRUM	172	1	1	0
2532.14453125	n/a	WORD_OFF	5185832	n/a	LTP508	ltpDelayRepFRReadOnly	4	16	1	n/a	n/a	0	n/a	0
2534.677734375	n/a	WORD	5191020	n/a	LTP508	ltpDelayRepFRReadOnly	4	16	2	DESK	152	1	2	0
2536.27783203125	n/a	WORD_OFF	5194297	n/a	LTP508	ltpDelayRepFRReadOnly	4	16	2	n/a	n/a	0	n/a	0
2539.1943359375	n/a	WORD	5200270	n/a	LTP508	ltpDelayRepFRReadOnly	4	16	3	SHORTS	65	1	2	0
2540.79541015625	n/a	WORD_OFF	5203549	n/a	LTP508	ltpDelayRepFRReadOnly	4	16	3	n/a	n/a	0	n/a	0
2543.361328125	n/a	WORD	5208804	n/a	LTP508	ltpDelayRepFRReadOnly	4	16	4	ORANGUTAN	311	1	2	0
2544.96142578125	n/a	WORD_OFF	5212081	n/a	LTP508	ltpDelayRepFRReadOnly	4	16	4	n/a	n/a	0	n/a	0
2547.84521484375	n/a	WORD	5217987	n/a	LTP508	ltpDelayRepFRReadOnly	4	16	5	BIRCH	259	1	1	0
2549.46044921875	n/a	WORD_OFF	5221295	n/a	LTP508	ltpDelayRepFRReadOnly	4	16	5	n/a	n/a	0	n/a	0
2552.39404296875	n/a	WORD	5227303	n/a	LTP508	ltpDelayRepFRReadOnly	4	16	6	PIE	75	1	1	0
2553.994140625	n/a	WORD_OFF	5230580	n/a	LTP508	ltpDelayRepFRReadOnly	4	16	6	n/a	n/a	0	n/a	0
2556.64404296875	n/a	WORD	5236007	n/a	LTP508	ltpDelayRepFRReadOnly	4	16	7	CHERRY	142	1	2	0
2558.2451171875	n/a	WORD_OFF	5239286	n/a	LTP508	ltpDelayRepFRReadOnly	4	16	7	n/a	n/a	0	n/a	0
2561.06103515625	n/a	WORD	5245053	n/a	LTP508	ltpDelayRepFRReadOnly	4	16	8	JELLYFISH	212	1	2	0
2562.662109375	n/a	WORD_OFF	5248332	n/a	LTP508	ltpDelayRepFRReadOnly	4	16	8	n/a	n/a	0	n/a	0
2565.6279296875	n/a	WORD	5254406	n/a	LTP508	ltpDelayRepFRReadOnly	4	16	9	LINEN	106	1	2	1
2567.2265625	n/a	WORD_OFF	5257680	n/a	LTP508	ltpDelayRepFRReadOnly	4	16	9	n/a	n/a	0	n/a	0
2569.86181640625	n/a	WORD	5263077	n/a	LTP508	ltpDelayRepFRReadOnly	4	16	10	CAULIFLOWER	274	1	1	0
2571.4765625	n/a	WORD_OFF	5266384	n/a	LTP508	ltpDelayRepFRReadOnly	4	16	10	n/a	n/a	0	n/a	0
2574.0947265625	n/a	WORD	5271746	n/a	LTP508	ltpDelayRepFRReadOnly	4	16	11	LEG	39	1	1	0
2575.6943359375	n/a	WORD_OFF	5275022	n/a	LTP508	ltpDelayRepFRReadOnly	4	16	11	n/a	n/a	0	n/a	0
2578.21044921875	n/a	WORD	5280175	n/a	LTP508	ltpDelayRepFRReadOnly	4	16	12	DESK	152	1	2	1
2579.8115234375	n/a	WORD_OFF	5283454	n/a	LTP508	ltpDelayRepFRReadOnly	4	16	12	n/a	n/a	0	n/a	0
2582.744140625	n/a	WORD	5289460	n/a	LTP508	ltpDelayRepFRReadOnly	4	16	13	ORANGUTAN	311	1	2	1
2584.34326171875	n/a	WORD_OFF	5292735	n/a	LTP508	ltpDelayRepFRReadOnly	4	16	13	n/a	n/a	0	n/a	0
2587.17724609375	n/a	WORD	5298539	n/a	LTP508	ltpDelayRepFRReadOnly	4	16	14	PAPER	220	1	1	0
2588.77734375	n/a	WORD_OFF	5301816	n/a	LTP508	ltpDelayRepFRReadOnly	4	16	14	n/a	n/a	0	n/a	0
2591.60986328125	n/a	WORD	5307617	n/a	LTP508	ltpDelayRepFRReadOnly	4	16	15	SHORTS	65	1	2	1
2593.2099609375	n/a	WORD_OFF	5310894	n/a	LTP508	ltpDelayRepFRReadOnly	4	16	15	n/a	n/a	0	n/a	0
2595.92578125	n/a	WORD	5316456	n/a	LTP508	ltpDelayRepFRReadOnly	4	16	16	CHERRY	142	1	2	1
2597.52685546875	n/a	WORD_OFF	5319735	n/a	LTP508	ltpDelayRepFRReadOnly	4	16	16	n/a	n/a	0	n/a	0
2600.49267578125	n/a	WORD	5325809	n/a	LTP508	ltpDelayRepFRReadOnly	4	16	17	JELLYFISH	212	1	2	1
2602.0927734375	n/a	WORD_OFF	5329086	n/a	LTP508	ltpDelayRepFRReadOnly	4	16	17	n/a	n/a	0	n/a	0
2620.04345703125	n/a	REC_START	5365849	n/a	LTP508	ltpDelayRepFRReadOnly	4	16	n/a	n/a	n/a	0	n/a	0
2620.8251953125	n/a	REC_WORD	5367450	n/a	LTP508	ltpDelayRepFRReadOnly	4	16	n/a	BIRCH	259	0	1	1
2621.93408203125	n/a	REC_WORD	5369721	n/a	LTP508	ltpDelayRepFRReadOnly	4	16	n/a	JELLYFISH	212	0	2	1
2623.04443359375	n/a	REC_WORD	5371995	n/a	LTP508	ltpDelayRepFRReadOnly	4	16	n/a	LEG	39	0	1	1
2624.06396484375	n/a	REC_WORD	5374083	n/a	LTP508	ltpDelayRepFRReadOnly	4	16	n/a	CAULIFLOWER	274	0	1	1
2625.60400390625	n/a	REC_WORD	5377237	n/a	LTP508	ltpDelayRepFRReadOnly	4	16	n/a	ORANGUTAN	311	0	2	1
2626.8798828125	n/a	REC_WORD	5379850	n/a	LTP508	ltpDelayRepFRReadOnly	4	16	n/a	SHORTS	65	0	2	1
2628.02197265625	n/a	REC_WORD	5382189	n/a	LTP508	ltpDelayRepFRReadOnly	4	16	n/a	DESK	152	0	2	1
2629.1689453125	n/a	REC_WORD	5384538	n/a	LTP508	ltpDelayRepFRReadOnly	4	16	n/a	DRUM	172	0	1	1
2630.22900390625	n/a	REC_WORD	5386709	n/a	LTP508	ltpDelayRepFRReadOnly	4	16	n/a	LINEN	106	0	2	1
2631.3291015625	n/a	REC_WORD	5388962	n/a	LTP508	ltpDelayRepFRReadOnly	4	16	n/a	PAPER	220	0	1	1
2632.36181640625	n/a	REC_WORD	5391077	n/a	LTP508	ltpDelayRepFRReadOnly	4	16	n/a	CHERRY	142	0	2	1
2633.97998046875	n/a	REC_WORD	5394391	n/a	LTP508	ltpDelayRepFRReadOnly	4	16	n/a	PIE	75	0	1	1
2650.54736328125	n/a	TRIAL_START	5428321	n/a	LTP508	ltpDelayRepFRReadOnly	4	n/a	n/a	n/a	n/a	0	n/a	0
2650.54736328125	n/a	REC_END	5428321	n/a	LTP508	ltpDelayRepFRReadOnly	4	16	n/a	n/a	n/a	0	n/a	0
2657.95849609375	n/a	COUNTDOWN	5443499	n/a	LTP508	ltpDelayRepFRReadOnly	4	n/a	n/a	n/a	n/a	0	n/a	0
2661.92529296875	n/a	WORD	5451623	n/a	LTP508	ltpDelayRepFRReadOnly	4	17	0	CAKE	74	1	2	0
2663.52587890625	n/a	WORD_OFF	5454901	n/a	LTP508	ltpDelayRepFRReadOnly	4	17	0	n/a	n/a	0	n/a	0
2666.4580078125	n/a	WORD	5460906	n/a	LTP508	ltpDelayRepFRReadOnly	4	17	1	WALNUT	264	1	2	0
2668.05908203125	n/a	WORD_OFF	5464185	n/a	LTP508	ltpDelayRepFRReadOnly	4	17	1	n/a	n/a	0	n/a	0
2670.9248046875	n/a	WORD	5470054	n/a	LTP508	ltpDelayRepFRReadOnly	4	17	2	LETTUCE	268	1	1	0
2672.52587890625	n/a	WORD_OFF	5473333	n/a	LTP508	ltpDelayRepFRReadOnly	4	17	2	n/a	n/a	0	n/a	0
2675.341796875	n/a	WORD	5479100	n/a	LTP508	ltpDelayRepFRReadOnly	4	17	3	UNDERWEAR	69	1	2	0
2676.94189453125	n/a	WORD_OFF	5482377	n/a	LTP508	ltpDelayRepFRReadOnly	4	17	3	n/a	n/a	0	n/a	0
2679.54248046875	n/a	WORD	5487703	n/a	LTP508	ltpDelayRepFRReadOnly	4	17	4	LEVEL	237	1	2	0
2681.140625	n/a	WORD_OFF	5490976	n/a	LTP508	ltpDelayRepFRReadOnly	4	17	4	n/a	n/a	0	n/a	0
2683.65771484375	n/a	WORD	5496131	n/a	LTP508	ltpDelayRepFRReadOnly	4	17	5	LAKE	198	1	1	0
2685.25830078125	n/a	WORD_OFF	5499409	n/a	LTP508	ltpDelayRepFRReadOnly	4	17	5	n/a	n/a	0	n/a	0
2687.75927734375	n/a	WORD	5504531	n/a	LTP508	ltpDelayRepFRReadOnly	4	17	6	VELVET	108	1	2	0
2689.357421875	n/a	WORD_OFF	5507804	n/a	LTP508	ltpDelayRepFRReadOnly	4	17	6	n/a	n/a	0	n/a	0
2692.12548828125	n/a	WORD	5513473	n/a	LTP508	ltpDelayRepFRReadOnly	4	17	7	CLOUD	294	1	2	0
2693.72412109375	n/a	WORD_OFF	5516747	n/a	LTP508	ltpDelayRepFRReadOnly	4	17	7	n/a	n/a	0	n/a	0
2696.4912109375	n/a	WORD	5522414	n/a	LTP508	ltpDelayRepFRReadOnly	4	17	8	CAKE	74	1	2	1
2698.09033203125	n/a	WORD_OFF	5525689	n/a	LTP508	ltpDelayRepFRReadOnly	4	17	8	n/a	n/a	0	n/a	0
2700.93994140625	n/a	WORD	5531525	n/a	LTP508	ltpDelayRepFRReadOnly	4	17	9	WALNUT	264	1	2	1
2702.541015625	n/a	WORD_OFF	5534804	n/a	LTP508	ltpDelayRepFRReadOnly	4	17	9	n/a	n/a	0	n/a	0
2705.15673828125	n/a	WORD	5540161	n/a	LTP508	ltpDelayRepFRReadOnly	4	17	10	EAR	43	1	1	0
2706.7568359375	n/a	WORD_OFF	5543438	n/a	LTP508	ltpDelayRepFRReadOnly	4	17	10	n/a	n/a	0	n/a	0
2709.70703125	n/a	WORD	5549480	n/a	LTP508	ltpDelayRepFRReadOnly	4	17	11	FRISBEE	249	1	1	0
2711.3076171875	n/a	WORD_OFF	5552758	n/a	LTP508	ltpDelayRepFRReadOnly	4	17	11	n/a	n/a	0	n/a	0
2713.890625	n/a	WORD	5558048	n/a	LTP508	ltpDelayRepFRReadOnly	4	17	12	UNDERWEAR	69	1	2	1
2715.48974609375	n/a	WORD_OFF	5561323	n/a	LTP508	ltpDelayRepFRReadOnly	4	17	12	n/a	n/a	0	n/a	0
2718.07470703125	n/a	WORD	5566617	n/a	LTP508	ltpDelayRepFRReadOnly	4	17	13	VELVET	108	1	2	1
2719.67333984375	n/a	WORD_OFF	5569891	n/a	LTP508	ltpDelayRepFRReadOnly	4	17	13	n/a	n/a	0	n/a	0
2722.54052734375	n/a	WORD	5575763	n/a	LTP508	ltpDelayRepFRReadOnly	4	17	14	CROW	30	1	1	0
2724.140625	n/a	WORD_OFF	5579040	n/a	LTP508	ltpDelayRepFRReadOnly	4	17	14	n/a	n/a	0	n/a	0
2726.88916015625	n/a	WORD	5584669	n/a	LTP508	ltpDelayRepFRReadOnly	4	17	15	LEVEL	237	1	2	1
2728.490234375	n/a	WORD_OFF	5587948	n/a	LTP508	ltpDelayRepFRReadOnly	4	17	15	n/a	n/a	0	n/a	0
2731.42333984375	n/a	WORD	5593955	n/a	LTP508	ltpDelayRepFRReadOnly	4	17	16	CLOUD	294	1	2	1
2733.02197265625	n/a	WORD_OFF	5597229	n/a	LTP508	ltpDelayRepFRReadOnly	4	17	16	n/a	n/a	0	n/a	0
2735.59130859375	n/a	WORD	5602491	n/a	LTP508	ltpDelayRepFRReadOnly	4	17	17	BOOKCASE	155	1	1	0
2737.18994140625	n/a	WORD_OFF	5605765	n/a	LTP508	ltpDelayRepFRReadOnly	4	17	17	n/a	n/a	0	n/a	0
2754.939453125	n/a	REC_START	5642116	n/a	LTP508	ltpDelayRepFRReadOnly	4	17	n/a	n/a	n/a	0	n/a	0
2755.568359375	n/a	REC_WORD	5643404	n/a	LTP508	ltpDelayRepFRReadOnly	4	17	n/a	BOOKCASE	155	0	1	1
2756.53662109375	n/a	REC_WORD	5645387	n/a	LTP508	ltpDelayRepFRReadOnly	4	17	n/a	CROW	30	0	1	1
2757.3125	n/a	REC_WORD	5646976	n/a	LTP508	ltpDelayRepFRReadOnly	4	17	n/a	FRISBEE	249	0	1	1
2758.3642578125	n/a	REC_WORD	5649130	n/a	LTP508	ltpDelayRepFRReadOnly	4	17	n/a	EAR	43	0	1	1
2759.37158203125	n/a	REC_WORD	5651193	n/a	LTP508	ltpDelayRepFRReadOnly	4	17	n/a	UNDERWEAR	69	0	2	1
2760.87451171875	n/a	REC_WORD	5654271	n/a	LTP508	ltpDelayRepFRReadOnly	4	17	n/a	VELVET	108	0	2	1
2763.09619140625	n/a	REC_WORD	5658821	n/a	LTP508	ltpDelayRepFRReadOnly	4	17	n/a	CAKE	74	0	2	1
2764.13720703125	n/a	REC_WORD	5660953	n/a	LTP508	ltpDelayRepFRReadOnly	4	17	n/a	CLOUD	294	0	2	1
2765.16650390625	n/a	REC_WORD	5663061	n/a	LTP508	ltpDelayRepFRReadOnly	4	17	n/a	LAKE	198	0	1	1
2766.4091796875	n/a	REC_WORD	5665606	n/a	LTP508	ltpDelayRepFRReadOnly	4	17	n/a	LEVEL	237	0	2	1
2768.96142578125	n/a	REC_WORD	5670833	n/a	LTP508	ltpDelayRepFRReadOnly	4	17	n/a	WALNUT	264	0	2	1
2770.1572265625	n/a	REC_WORD	5673282	n/a	LTP508	ltpDelayRepFRReadOnly	4	17	n/a	LETTUCE	268	0	1	1
2785.44384765625	n/a	TRIAL_START	5704589	n/a	LTP508	ltpDelayRepFRReadOnly	4	n/a	n/a	n/a	n/a	0	n/a	0
2785.44384765625	n/a	REC_END	5704589	n/a	LTP508	ltpDelayRepFRReadOnly	4	17	n/a	n/a	n/a	0	n/a	0
2793.03857421875	n/a	COUNTDOWN	5720143	n/a	LTP508	ltpDelayRepFRReadOnly	4	n/a	n/a	n/a	n/a	0	n/a	0
2797.0224609375	n/a	WORD	5728302	n/a	LTP508	ltpDelayRepFRReadOnly	4	18	0	GRATER	188	1	2	0
2798.63916015625	n/a	WORD_OFF	5731613	n/a	LTP508	ltpDelayRepFRReadOnly	4	18	0	n/a	n/a	0	n/a	0
2801.55615234375	n/a	WORD	5737587	n/a	LTP508	ltpDelayRepFRReadOnly	4	18	1	CELERY	271	1	2	0
2803.15625	n/a	WORD_OFF	5740864	n/a	LTP508	ltpDelayRepFRReadOnly	4	18	1	n/a	n/a	0	n/a	0
2806.072265625	n/a	WORD	5746836	n/a	LTP508	ltpDelayRepFRReadOnly	4	18	2	LILY	125	1	2	0
2807.67236328125	n/a	WORD_OFF	5750113	n/a	LTP508	ltpDelayRepFRReadOnly	4	18	2	n/a	n/a	0	n/a	0
2810.48828125	n/a	WORD	5755880	n/a	LTP508	ltpDelayRepFRReadOnly	4	18	3	SPRUCE	260	1	2	0
2812.087890625	n/a	WORD_OFF	5759156	n/a	LTP508	ltpDelayRepFRReadOnly	4	18	3	n/a	n/a	0	n/a	0
2814.68896484375	n/a	WORD	5764483	n/a	LTP508	ltpDelayRepFRReadOnly	4	18	4	SHIRT	62	1	2	0
2816.2890625	n/a	WORD_OFF	5767760	n/a	LTP508	ltpDelayRepFRReadOnly	4	18	4	n/a	n/a	0	n/a	0
2818.95556640625	n/a	WORD	5773221	n/a	LTP508	ltpDelayRepFRReadOnly	4	18	5	PIGEON	26	1	2	0
2820.57177734375	n/a	WORD_OFF	5776531	n/a	LTP508	ltpDelayRepFRReadOnly	4	18	5	n/a	n/a	0	n/a	0
2823.3388671875	n/a	WORD	5782198	n/a	LTP508	ltpDelayRepFRReadOnly	4	18	6	GRATER	188	1	2	1
2824.9384765625	n/a	WORD_OFF	5785474	n/a	LTP508	ltpDelayRepFRReadOnly	4	18	6	n/a	n/a	0	n/a	0
2827.70458984375	n/a	WORD	5791139	n/a	LTP508	ltpDelayRepFRReadOnly	4	18	7	CELERY	271	1	2	1
2829.3046875	n/a	WORD_OFF	5794416	n/a	LTP508	ltpDelayRepFRReadOnly	4	18	7	n/a	n/a	0	n/a	0
2832.138671875	n/a	WORD	5800220	n/a	LTP508	ltpDelayRepFRReadOnly	4	18	8	SPRUCE	260	1	2	1
2833.73828125	n/a	WORD_OFF	5803496	n/a	LTP508	ltpDelayRepFRReadOnly	4	18	8	n/a	n/a	0	n/a	0
2836.5380859375	n/a	WORD	5809230	n/a	LTP508	ltpDelayRepFRReadOnly	4	18	9	LILY	125	1	2	1
2838.13623046875	n/a	WORD_OFF	5812503	n/a	LTP508	ltpDelayRepFRReadOnly	4	18	9	n/a	n/a	0	n/a	0
2840.63818359375	n/a	WORD	5817627	n/a	LTP508	ltpDelayRepFRReadOnly	4	18	10	SHIRT	62	1	2	1
2842.2373046875	n/a	WORD_OFF	5820902	n/a	LTP508	ltpDelayRepFRReadOnly	4	18	10	n/a	n/a	0	n/a	0
2845.2373046875	n/a	WORD	5827046	n/a	LTP508	ltpDelayRepFRReadOnly	4	18	11	PLANKTON	214	1	1	0
2846.8369140625	n/a	WORD_OFF	5830322	n/a	LTP508	ltpDelayRepFRReadOnly	4	18	11	n/a	n/a	0	n/a	0
2849.5048828125	n/a	WORD	5835786	n/a	LTP508	ltpDelayRepFRReadOnly	4	18	12	PIGEON	26	1	2	1
2851.10302734375	n/a	WORD_OFF	5839059	n/a	LTP508	ltpDelayRepFRReadOnly	4	18	12	n/a	n/a	0	n/a	0
2853.720703125	n/a	WORD	5844420	n/a	LTP508	ltpDelayRepFRReadOnly	4	18	13	BIKE	286	1	1	0
2855.32080078125	n/a	WORD_OFF	5847697	n/a	LTP508	ltpDelayRepFRReadOnly	4	18	13	n/a	n/a	0	n/a	0
2857.9365234375	n/a	WORD	5853054	n/a	LTP508	ltpDelayRepFRReadOnly	4	18	14	RADIO	90	1	1	0
2859.53662109375	n/a	WORD_OFF	5856331	n/a	LTP508	ltpDelayRepFRReadOnly	4	18	14	n/a	n/a	0	n/a	0
2862.07080078125	n/a	WORD	5861521	n/a	LTP508	ltpDelayRepFRReadOnly	4	18	15	GRAPE	138	1	1	0
2863.67041015625	n/a	WORD_OFF	5864797	n/a	LTP508	ltpDelayRepFRReadOnly	4	18	15	n/a	n/a	0	n/a	0
2866.16943359375	n/a	WORD	5869915	n/a	LTP508	ltpDelayRepFRReadOnly	4	18	16	JUICE	19	1	1	0
2867.7705078125	n/a	WORD_OFF	5873194	n/a	LTP508	ltpDelayRepFRReadOnly	4	18	16	n/a	n/a	0	n/a	0
2870.63623046875	n/a	WORD	5879063	n/a	LTP508	ltpDelayRepFRReadOnly	4	18	17	DENIM	104	1	1	0
2872.236328125	n/a	WORD_OFF	5882340	n/a	LTP508	ltpDelayRepFRReadOnly	4	18	17	n/a	n/a	0	n/a	0
2889.90283203125	n/a	REC_START	5918521	n/a	LTP508	ltpDelayRepFRReadOnly	4	18	n/a	n/a	n/a	0	n/a	0
2890.498046875	n/a	REC_WORD	5919740	n/a	LTP508	ltpDelayRepFRReadOnly	4	18	n/a	SPRUCE	260	0	2	1
2891.61865234375	n/a	REC_WORD	5922035	n/a	LTP508	ltpDelayRepFRReadOnly	4	18	n/a	LILY	125	0	2	1
2895.15673828125	n/a	REC_WORD	5929281	n/a	LTP508	ltpDelayRepFRReadOnly	4	18	n/a	CELERY	271	0	2	1
2896.2626953125	n/a	REC_WORD	5931546	n/a	LTP508	ltpDelayRepFRReadOnly	4	18	n/a	GRATER	188	0	2	1
2897.296875	n/a	REC_WORD	5933664	n/a	LTP508	ltpDelayRepFRReadOnly	4	18	n/a	PIGEON	26	0	2	1
2898.11669921875	n/a	REC_WORD	5935343	n/a	LTP508	ltpDelayRepFRReadOnly	4	18	n/a	SHIRT	62	0	2	1
2899.27783203125	n/a	REC_WORD	5937721	n/a	LTP508	ltpDelayRepFRReadOnly	4	18	n/a	PLANKTON	214	0	1	1
2900.33251953125	n/a	REC_WORD	5939881	n/a	LTP508	ltpDelayRepFRReadOnly	4	18	n/a	DENIM	104	0	1	1
2901.37744140625	n/a	REC_WORD	5942021	n/a	LTP508	ltpDelayRepFRReadOnly	4	18	n/a	BIKE	286	0	1	1
2902.2314453125	n/a	REC_WORD	5943770	n/a	LTP508	ltpDelayRepFRReadOnly	4	18	n/a	RADIO	90	0	1	1
2903.99169921875	n/a	REC_WORD	5947375	n/a	LTP508	ltpDelayRepFRReadOnly	4	18	n/a	JUICE	19	0	1	1
2905.1083984375	n/a	REC_WORD	5949662	n/a	LTP508	ltpDelayRepFRReadOnly	4	18	n/a	GRAPE	138	0	1	1
2920.4130859375	n/a	TRIAL_START	5981006	n/a	LTP508	ltpDelayRepFRReadOnly	4	n/a	n/a	n/a	n/a	0	n/a	0
2920.4130859375	n/a	REC_END	5981006	n/a	LTP508	ltpDelayRepFRReadOnly	4	18	n/a	n/a	n/a	0	n/a	0
2927.7529296875	n/a	COUNTDOWN	5996038	n/a	LTP508	ltpDelayRepFRReadOnly	4	n/a	n/a	n/a	n/a	0	n/a	0
2931.8515625	n/a	WORD	6004432	n/a	LTP508	ltpDelayRepFRReadOnly	4	19	0	NOSE	45	1	2	0
2933.45166015625	n/a	WORD_OFF	6007709	n/a	LTP508	ltpDelayRepFRReadOnly	4	19	0	n/a	n/a	0	n/a	0
2936.3525390625	n/a	WORD	6013650	n/a	LTP508	ltpDelayRepFRReadOnly	4	19	1	DAISY	122	0	1	0
2937.95166015625	n/a	WORD_OFF	6016925	n/a	LTP508	ltpDelayRepFRReadOnly	4	19	1	n/a	n/a	0	n/a	0
2940.5185546875	n/a	WORD	6022182	n/a	LTP508	ltpDelayRepFRReadOnly	4	19	2	RATCHET	239	1	1	0
2942.1171875	n/a	WORD_OFF	6025456	n/a	LTP508	ltpDelayRepFRReadOnly	4	19	2	n/a	n/a	0	n/a	0
2944.75146484375	n/a	WORD	6030851	n/a	LTP508	ltpDelayRepFRReadOnly	4	19	3	CREEK	203	1	2	0
2946.35107421875	n/a	WORD_OFF	6034127	n/a	LTP508	ltpDelayRepFRReadOnly	4	19	3	n/a	n/a	0	n/a	0
2949.0341796875	n/a	WORD	6039622	n/a	LTP508	ltpDelayRepFRReadOnly	4	19	4	TRUMPET	175	1	2	0
2950.63427734375	n/a	WORD_OFF	6042899	n/a	LTP508	ltpDelayRepFRReadOnly	4	19	4	n/a	n/a	0	n/a	0
2953.41796875	n/a	WORD	6048600	n/a	LTP508	ltpDelayRepFRReadOnly	4	19	5	MOSQUITO	160	1	2	0
2955.01806640625	n/a	WORD_OFF	6051877	n/a	LTP508	ltpDelayRepFRReadOnly	4	19	5	n/a	n/a	0	n/a	0
2957.7177734375	n/a	WORD	6057406	n/a	LTP508	ltpDelayRepFRReadOnly	4	19	6	FLOOR	54	1	1	0
2959.31884765625	n/a	WORD_OFF	6060685	n/a	LTP508	ltpDelayRepFRReadOnly	4	19	6	n/a	n/a	0	n/a	0
2961.85107421875	n/a	WORD	6065871	n/a	LTP508	ltpDelayRepFRReadOnly	4	19	7	DISHWASHER	7	1	2	0
2963.45068359375	n/a	WORD_OFF	6069147	n/a	LTP508	ltpDelayRepFRReadOnly	4	19	7	n/a	n/a	0	n/a	0
2966.001953125	n/a	WORD	6074372	n/a	LTP508	ltpDelayRepFRReadOnly	4	19	8	PEN	218	1	2	0
2967.6005859375	n/a	WORD_OFF	6077646	n/a	LTP508	ltpDelayRepFRReadOnly	4	19	8	n/a	n/a	0	n/a	0
2970.15185546875	n/a	WORD	6082871	n/a	LTP508	ltpDelayRepFRReadOnly	4	19	9	CREEK	203	1	2	1
2971.75146484375	n/a	WORD_OFF	6086147	n/a	LTP508	ltpDelayRepFRReadOnly	4	19	9	n/a	n/a	0	n/a	0
2974.38427734375	n/a	WORD	6091539	n/a	LTP508	ltpDelayRepFRReadOnly	4	19	10	CALF	113	1	1	0
2975.984375	n/a	WORD_OFF	6094816	n/a	LTP508	ltpDelayRepFRReadOnly	4	19	10	n/a	n/a	0	n/a	0
2978.6845703125	n/a	WORD	6100346	n/a	LTP508	ltpDelayRepFRReadOnly	4	19	11	NOSE	45	1	2	1
2980.2841796875	n/a	WORD_OFF	6103622	n/a	LTP508	ltpDelayRepFRReadOnly	4	19	11	n/a	n/a	0	n/a	0
2983.18408203125	n/a	WORD	6109561	n/a	LTP508	ltpDelayRepFRReadOnly	4	19	12	TRUMPET	175	1	2	1
2984.7841796875	n/a	WORD_OFF	6112838	n/a	LTP508	ltpDelayRepFRReadOnly	4	19	12	n/a	n/a	0	n/a	0
2987.5341796875	n/a	WORD	6118470	n/a	LTP508	ltpDelayRepFRReadOnly	4	19	13	MOSQUITO	160	1	2	1
2989.15087890625	n/a	WORD_OFF	6121781	n/a	LTP508	ltpDelayRepFRReadOnly	4	19	13	n/a	n/a	0	n/a	0
2992.1181640625	n/a	WORD	6127858	n/a	LTP508	ltpDelayRepFRReadOnly	4	19	14	DRESSER	149	1	1	0
2993.716796875	n/a	WORD_OFF	6131132	n/a	LTP508	ltpDelayRepFRReadOnly	4	19	14	n/a	n/a	0	n/a	0
2996.4677734375	n/a	WORD	6136766	n/a	LTP508	ltpDelayRepFRReadOnly	4	19	15	WHISK	186	1	1	0
2998.06689453125	n/a	WORD_OFF	6140041	n/a	LTP508	ltpDelayRepFRReadOnly	4	19	15	n/a	n/a	0	n/a	0
3000.583984375	n/a	WORD	6145196	n/a	LTP508	ltpDelayRepFRReadOnly	4	19	16	DISHWASHER	7	1	2	1
3002.18359375	n/a	WORD_OFF	6148472	n/a	LTP508	ltpDelayRepFRReadOnly	4	19	16	n/a	n/a	0	n/a	0
3004.90087890625	n/a	WORD	6154037	n/a	LTP508	ltpDelayRepFRReadOnly	4	19	17	PEN	218	1	2	1
3006.49951171875	n/a	WORD_OFF	6157311	n/a	LTP508	ltpDelayRepFRReadOnly	4	19	17	n/a	n/a	0	n/a	0
3024.13330078125	n/a	REC_START	6193425	n/a	LTP508	ltpDelayRepFRReadOnly	4	19	n/a	n/a	n/a	0	n/a	0
3024.9853515625	n/a	REC_WORD	6195170	n/a	LTP508	ltpDelayRepFRReadOnly	4	19	n/a	WHISK	186	0	1	1
3025.9619140625	n/a	REC_WORD	6197170	n/a	LTP508	ltpDelayRepFRReadOnly	4	19	n/a	CREEK	203	0	2	1
3026.98291015625	n/a	REC_WORD	6199261	n/a	LTP508	ltpDelayRepFRReadOnly	4	19	n/a	CALF	113	0	1	1
3028.080078125	n/a	REC_WORD	6201508	n/a	LTP508	ltpDelayRepFRReadOnly	4	19	n/a	PEN	218	0	2	1
3029.19921875	n/a	REC_WORD	6203800	n/a	LTP508	ltpDelayRepFRReadOnly	4	19	n/a	DISHWASHER	7	0	2	1
3030.43896484375	n/a	REC_WORD	6206339	n/a	LTP508	ltpDelayRepFRReadOnly	4	19	n/a	DRESSER	149	0	1	1
3031.6220703125	n/a	REC_WORD	6208762	n/a	LTP508	ltpDelayRepFRReadOnly	4	19	n/a	MOSQUITO	160	0	2	1
3033.06494140625	n/a	REC_WORD	6211717	n/a	LTP508	ltpDelayRepFRReadOnly	4	19	n/a	TRUMPET	175	0	2	1
3034.2236328125	n/a	REC_WORD	6214090	n/a	LTP508	ltpDelayRepFRReadOnly	4	19	n/a	NOSE	45	0	2	1
3035.36669921875	n/a	REC_WORD	6216431	n/a	LTP508	ltpDelayRepFRReadOnly	4	19	n/a	RATCHET	239	0	1	1
3049.38720703125	n/a	REC_WORD	6245145	n/a	LTP508	ltpDelayRepFRReadOnly	4	19	n/a	FLOOR	54	0	1	1
3054.63720703125	n/a	REC_END	6255897	n/a	LTP508	ltpDelayRepFRReadOnly	4	19	n/a	n/a	n/a	0	n/a	0
3054.63720703125	n/a	TRIAL_START	6255897	n/a	LTP508	ltpDelayRepFRReadOnly	4	n/a	n/a	n/a	n/a	0	n/a	0
3062.06494140625	n/a	COUNTDOWN	6271109	n/a	LTP508	ltpDelayRepFRReadOnly	4	n/a	n/a	n/a	n/a	0	n/a	0
3066.0830078125	n/a	WORD	6279338	n/a	LTP508	ltpDelayRepFRReadOnly	4	20	0	TELEVISION	86	1	1	0
3067.68212890625	n/a	WORD_OFF	6282613	n/a	LTP508	ltpDelayRepFRReadOnly	4	20	0	n/a	n/a	0	n/a	0
3070.33203125	n/a	WORD	6288040	n/a	LTP508	ltpDelayRepFRReadOnly	4	20	1	TURKEY	121	1	1	0
3071.931640625	n/a	WORD_OFF	6291316	n/a	LTP508	ltpDelayRepFRReadOnly	4	20	1	n/a	n/a	0	n/a	0
3074.73193359375	n/a	WORD	6297051	n/a	LTP508	ltpDelayRepFRReadOnly	4	20	2	GNAT	169	1	1	0
3076.34765625	n/a	WORD_OFF	6300360	n/a	LTP508	ltpDelayRepFRReadOnly	4	20	2	n/a	n/a	0	n/a	0
3079.08251953125	n/a	WORD	6305961	n/a	LTP508	ltpDelayRepFRReadOnly	4	20	3	PENCIL	219	1	2	0
3080.681640625	n/a	WORD_OFF	6309236	n/a	LTP508	ltpDelayRepFRReadOnly	4	20	3	n/a	n/a	0	n/a	0
3083.36572265625	n/a	WORD	6314733	n/a	LTP508	ltpDelayRepFRReadOnly	4	20	4	DOLPHIN	207	1	2	0
3084.96533203125	n/a	WORD_OFF	6318009	n/a	LTP508	ltpDelayRepFRReadOnly	4	20	4	n/a	n/a	0	n/a	0
3087.9326171875	n/a	WORD	6324086	n/a	LTP508	ltpDelayRepFRReadOnly	4	20	5	PIANO	170	1	2	0
3089.53125	n/a	WORD_OFF	6327360	n/a	LTP508	ltpDelayRepFRReadOnly	4	20	5	n/a	n/a	0	n/a	0
3092.2822265625	n/a	WORD	6332994	n/a	LTP508	ltpDelayRepFRReadOnly	4	20	6	RECLINER	154	1	1	0
3093.88134765625	n/a	WORD_OFF	6336269	n/a	LTP508	ltpDelayRepFRReadOnly	4	20	6	n/a	n/a	0	n/a	0
3096.748046875	n/a	WORD	6342140	n/a	LTP508	ltpDelayRepFRReadOnly	4	20	7	LIME	145	1	2	0
3098.34814453125	n/a	WORD_OFF	6345417	n/a	LTP508	ltpDelayRepFRReadOnly	4	20	7	n/a	n/a	0	n/a	0
3101.31494140625	n/a	WORD	6351493	n/a	LTP508	ltpDelayRepFRReadOnly	4	20	8	DAFFODIL	128	1	1	0
3102.9150390625	n/a	WORD_OFF	6354770	n/a	LTP508	ltpDelayRepFRReadOnly	4	20	8	n/a	n/a	0	n/a	0
3105.73095703125	n/a	WORD	6360537	n/a	LTP508	ltpDelayRepFRReadOnly	4	20	9	WOOL	100	1	2	0
3107.33203125	n/a	WORD_OFF	6363816	n/a	LTP508	ltpDelayRepFRReadOnly	4	20	9	n/a	n/a	0	n/a	0
3110.31494140625	n/a	WORD	6369925	n/a	LTP508	ltpDelayRepFRReadOnly	4	20	10	REFRIGERATOR	2	1	2	0
3111.91455078125	n/a	WORD_OFF	6373201	n/a	LTP508	ltpDelayRepFRReadOnly	4	20	10	n/a	n/a	0	n/a	0
3114.44775390625	n/a	WORD	6378389	n/a	LTP508	ltpDelayRepFRReadOnly	4	20	11	PENCIL	219	1	2	1
3116.0478515625	n/a	WORD_OFF	6381666	n/a	LTP508	ltpDelayRepFRReadOnly	4	20	11	n/a	n/a	0	n/a	0
3118.91455078125	n/a	WORD	6387537	n/a	LTP508	ltpDelayRepFRReadOnly	4	20	12	DOLPHIN	207	1	2	1
3120.5146484375	n/a	WORD_OFF	6390814	n/a	LTP508	ltpDelayRepFRReadOnly	4	20	12	n/a	n/a	0	n/a	0
3123.3974609375	n/a	WORD	6396718	n/a	LTP508	ltpDelayRepFRReadOnly	4	20	13	LIME	145	1	2	1
3124.99755859375	n/a	WORD_OFF	6399995	n/a	LTP508	ltpDelayRepFRReadOnly	4	20	13	n/a	n/a	0	n/a	0
3127.76416015625	n/a	WORD	6405661	n/a	LTP508	ltpDelayRepFRReadOnly	4	20	14	WOOL	100	1	2	1
3129.3642578125	n/a	WORD_OFF	6408938	n/a	LTP508	ltpDelayRepFRReadOnly	4	20	14	n/a	n/a	0	n/a	0
3131.98095703125	n/a	WORD	6414297	n/a	LTP508	ltpDelayRepFRReadOnly	4	20	15	PIANO	170	1	2	1
3133.59716796875	n/a	WORD_OFF	6417607	n/a	LTP508	ltpDelayRepFRReadOnly	4	20	15	n/a	n/a	0	n/a	0
3136.43115234375	n/a	WORD	6423411	n/a	LTP508	ltpDelayRepFRReadOnly	4	20	16	ONION	276	1	1	0
3138.03076171875	n/a	WORD_OFF	6426687	n/a	LTP508	ltpDelayRepFRReadOnly	4	20	16	n/a	n/a	0	n/a	0
3140.7138671875	n/a	WORD	6432182	n/a	LTP508	ltpDelayRepFRReadOnly	4	20	17	REFRIGERATOR	2	1	2	1
3142.31396484375	n/a	WORD_OFF	6435459	n/a	LTP508	ltpDelayRepFRReadOnly	4	20	17	n/a	n/a	0	n/a	0
3160.09716796875	n/a	REC_START	6471879	n/a	LTP508	ltpDelayRepFRReadOnly	4	20	n/a	n/a	n/a	0	n/a	0
3161.00439453125	n/a	REC_WORD	6473737	n/a	LTP508	ltpDelayRepFRReadOnly	4	20	n/a	DAFFODIL	128	0	1	1
3162.16552734375	n/a	REC_WORD	6476115	n/a	LTP508	ltpDelayRepFRReadOnly	4	20	n/a	WOOL	100	0	2	1
3163.3291015625	n/a	REC_WORD	6478498	n/a	LTP508	ltpDelayRepFRReadOnly	4	20	n/a	REFRIGERATOR	2	0	2	1
3164.67333984375	n/a	REC_WORD	6481251	n/a	LTP508	ltpDelayRepFRReadOnly	4	20	n/a	DOLPHIN	207	0	2	1
3165.75927734375	n/a	REC_WORD	6483475	n/a	LTP508	ltpDelayRepFRReadOnly	4	20	n/a	RECLINER	154	0	1	1
3166.994140625	n/a	REC_WORD	6486004	n/a	LTP508	ltpDelayRepFRReadOnly	4	20	n/a	PIANO	170	0	2	1
3168.33935546875	n/a	REC_WORD	6488759	n/a	LTP508	ltpDelayRepFRReadOnly	4	20	n/a	TURKEY	121	0	1	1
3169.39599609375	n/a	REC_WORD	6490923	n/a	LTP508	ltpDelayRepFRReadOnly	4	20	n/a	GNAT	169	0	1	1
3170.58203125	n/a	REC_WORD	6493352	n/a	LTP508	ltpDelayRepFRReadOnly	4	20	n/a	PENCIL	219	0	2	1
3171.76513671875	n/a	REC_WORD	6495775	n/a	LTP508	ltpDelayRepFRReadOnly	4	20	n/a	TELEVISION	86	0	1	1
3173.22412109375	n/a	REC_WORD	6498763	n/a	LTP508	ltpDelayRepFRReadOnly	4	20	n/a	ONION	276	0	1	1
3174.34619140625	n/a	REC_WORD	6501061	n/a	LTP508	ltpDelayRepFRReadOnly	4	20	n/a	LIME	145	0	2	1
3190.599609375	n/a	REC_END	6534348	n/a	LTP508	ltpDelayRepFRReadOnly	4	20	n/a	n/a	n/a	0	n/a	0
3190.599609375	n/a	SESS_END	6534348	n/a	LTP508	ltpDelayRepFRReadOnly	4	n/a	n/a	n/a	n/a	0	n/a	0
